<?xml version="1.0" encoding="utf-8"?>
<COLLADA xmlns="http://www.collada.org/2005/11/COLLADASchema" version="1.4.1">
  <asset>
    <contributor>
      <author>Mixamo</author>
      <authoring_tool>COLLADA Mixamo exporter</authoring_tool>
      <comments/>
    </contributor>
    <created>2018-01-05T21:09:07Z</created>
    <modified>2018-01-05T21:09:07Z</modified>
    <revision/>
    <title/>
    <unit meter="0.010000"/>
    <up_axis>Y_UP</up_axis>
  </asset>
  <library_animations>
    <animation>
      <source id="mixamorig_Hips-Matrix-animation-input">
        <float_array id="mixamorig_Hips-Matrix-animation-input-array" count="88">

0.000000 0.033333 0.066667 0.100000 0.133333 0.166667 0.200000 0.233333 0.266667 0.300000 0.333333 0.366667 0.400000 0.433333 0.466667 0.500000
0.533333 0.566667 0.600000 0.633333 0.666667 0.700000 0.733333 0.766667 0.800000 0.833333 0.866667 0.900000 0.933333 0.966667 1.000000 1.033333
1.066667 1.100000 1.133333 1.166667 1.200000 1.233333 1.266667 1.300000 1.333333 1.366667 1.400000 1.433333 1.466667 1.500000 1.533333 1.566667
1.600000 1.633333 1.666667 1.700000 1.733333 1.766667 1.800000 1.833333 1.866667 1.900000 1.933333 1.966667 2.000000 2.033333 2.066667 2.100000
2.133333 2.166667 2.200000 2.233333 2.266667 2.300000 2.333333 2.366667 2.400000 2.433333 2.466667 2.500000 2.533333 2.566667 2.600000 2.633333
2.666667 2.700000 2.733333 2.766667 2.800000 2.833333 2.866667 2.900000</float_array>
        <technique_common>
          <accessor source="#mixamorig_Hips-Matrix-animation-input-array" count="88">
            <param name="TIME" type="float"/>
          </accessor>
        </technique_common>
      </source>
      <source id="mixamorig_Hips-Matrix-animation-output-transform">
        <float_array id="mixamorig_Hips-Matrix-animation-output-transform-array" count="1408">

0.993913 0.062053 -0.091024 0.004673 -0.056234 0.996289 0.065159 2.184164 0.094730 -0.059643 0.993715 -0.007037 0.000000 0.000000 0.000000 1.000000
0.993729 0.062032 -0.093027 0.005874 -0.056028 0.996257 0.065829 2.183561 0.096763 -0.060204 0.993485 -0.008671 0.000000 0.000000 0.000000 1.000000
0.993554 0.062004 -0.094902 0.007042 -0.055794 0.996209 0.066746 2.182791 0.098681 -0.061021 0.993246 -0.010777 0.000000 0.000000 0.000000 1.000000
0.993398 0.061918 -0.096579 0.008147 -0.055472 0.996137 0.068068 2.182059 0.100420 -0.062261 0.992995 -0.013124 0.000000 0.000000 0.000000 1.000000
0.993296 0.061867 -0.097649 0.009131 -0.055120 0.995998 0.070352 2.181600 0.101610 -0.064498 0.992731 -0.015267 0.000000 0.000000 0.000000 1.000000
0.993308 0.062003 -0.097444 0.009925 -0.054863 0.995724 0.074318 2.181516 0.101635 -0.068474 0.992462 -0.016755 0.000000 0.000000 0.000000 1.000000
0.993480 0.062395 -0.095416 0.010454 -0.054809 0.995274 0.080156 2.181720 0.099967 -0.074403 0.992205 -0.017438 0.000000 0.000000 0.000000 1.000000
0.993816 0.063208 -0.091291 0.010626 -0.055242 0.994649 0.087299 2.182094 0.096321 -0.081716 0.991990 -0.017582 0.000000 0.000000 0.000000 1.000000
0.994300 0.064490 -0.084898 0.010372 -0.056344 0.993874 0.095076 2.182500 0.090510 -0.089751 0.991843 -0.017592 0.000000 0.000000 0.000000 1.000000
0.994911 0.066070 -0.076076 0.009666 -0.058036 0.992950 0.103358 2.182072 0.082369 -0.098416 0.991731 -0.017672 0.000000 0.000000 0.000000 1.000000
0.995584 0.068028 -0.064692 0.008457 -0.060454 0.991802 0.112577 2.180434 0.071820 -0.108169 0.991535 -0.017727 0.000000 0.000000 0.000000 1.000000
0.996215 0.070623 -0.050678 0.006596 -0.063929 0.990302 0.123346 2.176934 0.058898 -0.119640 0.991069 -0.017571 0.000000 0.000000 0.000000 1.000000
0.996666 0.074075 -0.034194 0.003980 -0.068782 0.988299 0.136143 2.171259 0.043879 -0.133338 0.990099 -0.017019 0.000000 0.000000 0.000000 1.000000
0.996825 0.077997 -0.016026 0.000749 -0.074702 0.985722 0.150903 2.162758 0.027567 -0.149227 0.988419 -0.016109 0.000000 0.000000 0.000000 1.000000
0.996669 0.081521 0.002458 -0.002685 -0.080786 0.982641 0.167006 2.150119 0.011199 -0.166648 0.985953 -0.015025 0.000000 0.000000 0.000000 1.000000
0.996301 0.083678 0.019530 -0.005857 -0.085846 0.979161 0.184052 2.132458 -0.003722 -0.185048 0.982722 -0.013762 0.000000 0.000000 0.000000 1.000000
0.995891 0.084135 0.033504 -0.008496 -0.089195 0.975285 0.202145 2.111117 -0.015668 -0.204302 0.978782 -0.012022 0.000000 0.000000 0.000000 1.000000
0.995547 0.083370 0.044000 -0.010802 -0.091078 0.971056 0.220805 2.089544 -0.024318 -0.223829 0.974325 -0.009404 0.000000 0.000000 0.000000 1.000000
0.995205 0.082454 0.052613 -0.013277 -0.092693 0.966771 0.238249 2.070931 -0.031220 -0.241983 0.969778 -0.005689 0.000000 0.000000 0.000000 1.000000
0.994700 0.082296 0.061640 -0.016313 -0.095313 0.962880 0.252542 2.056671 -0.038569 -0.257079 0.965620 -0.000803 0.000000 0.000000 0.000000 1.000000
0.993919 0.083057 0.072298 -0.020032 -0.099331 0.959639 0.263109 2.047289 -0.047527 -0.268690 0.962053 0.005040 0.000000 0.000000 0.000000 1.000000
0.992849 0.084553 0.084277 -0.024379 -0.104464 0.957038 0.270491 2.043126 -0.057785 -0.277361 0.959027 0.011349 0.000000 0.000000 0.000000 1.000000
0.991582 0.086550 0.096303 -0.029178 -0.110106 0.954997 0.275422 2.043178 -0.068132 -0.283707 0.956487 0.017656 0.000000 0.000000 0.000000 1.000000
0.990288 0.088735 0.107032 -0.033925 -0.115545 0.953426 0.278618 2.045094 -0.077324 -0.288279 0.954419 0.023576 0.000000 0.000000 0.000000 1.000000
0.989151 0.090516 0.115704 -0.038090 -0.119987 0.952225 0.280838 2.046674 -0.084755 -0.291674 0.952755 0.028726 0.000000 0.000000 0.000000 1.000000
0.988285 0.091365 0.122254 -0.041524 -0.122912 0.951316 0.282649 2.047060 -0.090478 -0.294364 0.951401 0.032940 0.000000 0.000000 0.000000 1.000000
0.987703 0.091204 0.126986 -0.044469 -0.124341 0.950616 0.284375 2.046514 -0.094778 -0.296667 0.950266 0.036393 0.000000 0.000000 0.000000 1.000000
0.987364 0.090314 0.130216 -0.047188 -0.124660 0.949979 0.286357 2.045523 -0.097840 -0.298971 0.949233 0.039370 0.000000 0.000000 0.000000 1.000000
0.987223 0.089063 0.132133 -0.049720 -0.124304 0.949259 0.288888 2.044364 -0.099700 -0.301622 0.948201 0.042004 0.000000 0.000000 0.000000 1.000000
0.987242 0.087711 0.132890 -0.051981 -0.123550 0.948451 0.291850 2.043216 -0.100442 -0.304545 0.947187 0.044246 0.000000 0.000000 0.000000 1.000000
0.987374 0.086375 0.132786 -0.053931 -0.122540 0.947691 0.294731 2.042285 -0.100382 -0.307281 0.946309 0.045926 0.000000 0.000000 0.000000 1.000000
0.987573 0.085072 0.132146 -0.055589 -0.121346 0.947090 0.297146 2.041715 -0.099875 -0.309489 0.945643 0.046747 0.000000 0.000000 0.000000 1.000000
0.987813 0.083805 0.131159 -0.057010 -0.120022 0.946655 0.299063 2.041548 -0.099099 -0.311161 0.945176 0.046379 0.000000 0.000000 0.000000 1.000000
0.988077 0.082679 0.129878 -0.058276 -0.118678 0.946401 0.300399 2.041777 -0.098079 -0.312231 0.944930 0.044510 0.000000 0.000000 0.000000 1.000000
0.988391 0.081933 0.127948 -0.059414 -0.117390 0.946445 0.300767 2.042379 -0.096453 -0.312296 0.945076 0.040535 0.000000 0.000000 0.000000 1.000000
0.988782 0.081524 0.125159 -0.060321 -0.116002 0.946982 0.299613 2.043490 -0.094097 -0.310770 0.945816 0.034528 0.000000 0.000000 0.000000 1.000000
0.989318 0.081184 0.121078 -0.060817 -0.114120 0.948113 0.296747 2.045453 -0.090705 -0.307395 0.947249 0.026797 0.000000 0.000000 0.000000 1.000000
0.990057 0.080669 0.115237 -0.060796 -0.111418 0.949795 0.292362 2.048661 -0.085867 -0.302294 0.949339 0.017754 0.000000 0.000000 0.000000 1.000000
0.990966 0.079993 0.107643 -0.060311 -0.107975 0.951948 0.286594 2.053347 -0.079545 -0.295628 0.951986 0.007781 0.000000 0.000000 0.000000 1.000000
0.991905 0.079501 0.099018 -0.059534 -0.104394 0.954478 0.279418 2.059367 -0.072297 -0.287493 0.955050 -0.002827 0.000000 0.000000 0.000000 1.000000
0.992738 0.079453 0.090323 -0.058658 -0.101260 0.957271 0.270884 2.066267 -0.064941 -0.278063 0.958365 -0.013792 0.000000 0.000000 0.000000 1.000000
0.993435 0.079673 0.082098 -0.057789 -0.098594 0.960247 0.261162 2.073503 -0.058026 -0.267542 0.961797 -0.024842 0.000000 0.000000 0.000000 1.000000
0.994037 0.079690 0.074434 -0.056816 -0.095980 0.963384 0.250359 2.080693 -0.051757 -0.256010 0.965288 -0.035757 0.000000 0.000000 0.000000 1.000000
0.994574 0.079176 0.067479 -0.055372 -0.093140 0.966647 0.238575 2.087436 -0.046339 -0.243565 0.968777 -0.046396 0.000000 0.000000 0.000000 1.000000
0.995023 0.078397 0.061504 -0.053183 -0.090399 0.969873 0.226219 2.094193 -0.041916 -0.230653 0.972133 -0.056485 0.000000 0.000000 0.000000 1.000000
0.995384 0.077902 0.056060 -0.050504 -0.088182 0.972895 0.213773 2.101384 -0.037887 -0.217729 0.975274 -0.065412 0.000000 0.000000 0.000000 1.000000
0.995719 0.077710 0.050041 -0.047920 -0.086268 0.975710 0.201364 2.109004 -0.033177 -0.204819 0.978238 -0.072444 0.000000 0.000000 0.000000 1.000000
0.996052 0.077314 0.043631 -0.045693 -0.084209 0.978434 0.188614 2.116848 -0.028108 -0.191543 0.981082 -0.077394 0.000000 0.000000 0.000000 1.000000
0.996328 0.076466 0.038527 -0.043661 -0.082067 0.981147 0.174975 2.124516 -0.024421 -0.177494 0.983819 -0.080972 0.000000 0.000000 0.000000 1.000000
0.996527 0.075234 0.035698 -0.041700 -0.080023 0.983777 0.160560 2.131634 -0.023040 -0.162859 0.986380 -0.083648 0.000000 0.000000 0.000000 1.000000
0.996652 0.074023 0.034709 -0.039885 -0.078330 0.986170 0.146057 2.138253 -0.023417 -0.148286 0.988667 -0.085510 0.000000 0.000000 0.000000 1.000000
0.996737 0.073107 0.034223 -0.038287 -0.077021 0.988230 0.132168 2.144666 -0.024157 -0.134372 0.990636 -0.086348 0.000000 0.000000 0.000000 1.000000
0.996829 0.072389 0.033039 -0.036811 -0.075843 0.989965 0.119234 2.150951 -0.024076 -0.121362 0.992316 -0.086067 0.000000 0.000000 0.000000 1.000000
0.996969 0.071488 0.030682 -0.035224 -0.074395 0.991435 0.107339 2.156883 -0.022745 -0.109297 0.993749 -0.084865 0.000000 0.000000 0.000000 1.000000
0.997167 0.070118 0.027229 -0.033317 -0.072437 0.992698 0.096456 2.162243 -0.020267 -0.098155 0.994965 -0.083075 0.000000 0.000000 0.000000 1.000000
0.997421 0.068088 0.022688 -0.031090 -0.069809 0.993802 0.086517 2.166668 -0.016657 -0.087878 0.995992 -0.080956 0.000000 0.000000 0.000000 1.000000
0.997667 0.066178 0.016772 -0.028686 -0.067285 0.994717 0.077535 2.170536 -0.011552 -0.078483 0.996849 -0.078661 0.000000 0.000000 0.000000 1.000000
0.997889 0.064304 0.009098 -0.026279 -0.064783 0.995464 0.069670 2.173669 -0.004577 -0.070112 0.997529 -0.076344 0.000000 0.000000 0.000000 1.000000
0.998059 0.062273 -0.000298 -0.023994 -0.062130 0.996073 0.063077 2.176007 0.004225 -0.062936 0.998009 -0.074084 0.000000 0.000000 0.000000 1.000000
0.998138 0.060109 -0.010372 -0.021837 -0.059416 0.996568 0.057635 2.177829 0.013800 -0.056912 0.998284 -0.071465 0.000000 0.000000 0.000000 1.000000
0.998104 0.057989 -0.020614 -0.019750 -0.056821 0.996959 0.053330 2.179317 0.023643 -0.052057 0.998364 -0.068370 0.000000 0.000000 0.000000 1.000000
0.997957 0.056056 -0.030642 -0.017688 -0.054479 0.997257 0.050107 2.180421 0.033366 -0.048336 0.998274 -0.064770 0.000000 0.000000 0.000000 1.000000
0.997715 0.054357 -0.040123 -0.015597 -0.052418 0.997475 0.047911 2.181071 0.042626 -0.045698 0.998045 -0.060665 0.000000 0.000000 0.000000 1.000000
0.997402 0.052857 -0.048937 -0.013423 -0.050576 0.997626 0.046732 2.181443 0.051291 -0.044136 0.997708 -0.056067 0.000000 0.000000 0.000000 1.000000
0.997029 0.051532 -0.057253 -0.011153 -0.048895 0.997719 0.046540 2.181884 0.059521 -0.043602 0.997274 -0.051046 0.000000 0.000000 0.000000 1.000000
0.996581 0.050590 -0.065329 -0.008805 -0.047555 0.997753 0.047198 2.182313 0.067570 -0.043930 0.996747 -0.045717 0.000000 0.000000 0.000000 1.000000
0.996077 0.049701 -0.073211 -0.006510 -0.046222 0.997754 0.048478 2.182823 0.075456 -0.044904 0.996138 -0.040300 0.000000 0.000000 0.000000 1.000000
0.995532 0.049058 -0.080680 -0.004336 -0.045105 0.997725 0.050111 2.183368 0.082955 -0.046248 0.995480 -0.034922 0.000000 0.000000 0.000000 1.000000
0.994971 0.048803 -0.087465 -0.002385 -0.044377 0.997668 0.051854 2.183851 0.089791 -0.047712 0.994817 -0.029717 0.000000 0.000000 0.000000 1.000000
0.994424 0.048964 -0.093402 -0.000784 -0.044095 0.997594 0.053500 2.184160 0.095796 -0.049083 0.994190 -0.024873 0.000000 0.000000 0.000000 1.000000
0.993913 0.049436 -0.098456 0.000429 -0.044178 0.997515 0.054890 2.184268 0.100925 -0.050206 0.993626 -0.020582 0.000000 0.000000 0.000000 1.000000
0.993450 0.050039 -0.102726 0.001321 -0.044450 0.997441 0.055999 2.184276 0.105265 -0.051067 0.993132 -0.016924 0.000000 0.000000 0.000000 1.000000
0.993030 0.050826 -0.106338 0.001962 -0.044954 0.997367 0.056906 2.184388 0.108950 -0.051729 0.992700 -0.013873 0.000000 0.000000 0.000000 1.000000
0.992657 0.051855 -0.109285 0.002394 -0.045749 0.997287 0.057664 2.184629 0.111978 -0.052241 0.992337 -0.011394 0.000000 0.000000 0.000000 1.000000
0.992349 0.053048 -0.111485 0.002651 -0.046761 0.997205 0.058275 2.184825 0.114265 -0.052616 0.992056 -0.009466 0.000000 0.000000 0.000000 1.000000
0.992118 0.054265 -0.112949 0.002762 -0.047846 0.997123 0.058787 2.184858 0.115814 -0.052919 0.991860 -0.008022 0.000000 0.000000 0.000000 1.000000
0.991959 0.055410 -0.113783 0.002739 -0.048893 0.997042 0.059298 2.184777 0.116732 -0.053258 0.991734 -0.006943 0.000000 0.000000 0.000000 1.000000
0.991868 0.056471 -0.114057 0.002599 -0.049877 0.996960 0.059859 2.184709 0.117090 -0.053683 0.991669 -0.006154 0.000000 0.000000 0.000000 1.000000
0.991846 0.057490 -0.113735 0.002380 -0.050854 0.996877 0.060413 2.184686 0.116853 -0.054137 0.991673 -0.005672 0.000000 0.000000 0.000000 1.000000
0.991901 0.058491 -0.112740 0.002134 -0.051858 0.996796 0.060896 2.184638 0.115941 -0.054556 0.991757 -0.005502 0.000000 0.000000 0.000000 1.000000
0.992035 0.059415 -0.111069 0.001938 -0.052829 0.996718 0.061332 2.184507 0.114349 -0.054976 0.991918 -0.005541 0.000000 0.000000 0.000000 1.000000
0.992238 0.060169 -0.108829 0.001869 -0.053658 0.996645 0.061802 2.184295 0.112182 -0.055483 0.992138 -0.005637 0.000000 0.000000 0.000000 1.000000
0.992491 0.060762 -0.106160 0.001962 -0.054343 0.996574 0.062347 2.184092 0.109585 -0.056109 0.992393 -0.005713 0.000000 0.000000 0.000000 1.000000
0.992774 0.061255 -0.103184 0.002213 -0.054944 0.996504 0.062940 2.184013 0.106679 -0.056816 0.992669 -0.005805 0.000000 0.000000 0.000000 1.000000
0.993072 0.061665 -0.100027 0.002622 -0.055474 0.996436 0.063540 2.184064 0.103589 -0.057551 0.992954 -0.005978 0.000000 0.000000 0.000000 1.000000
0.993371 0.061927 -0.096846 0.003187 -0.055864 0.996378 0.064118 2.184134 0.100466 -0.058283 0.993232 -0.006260 0.000000 0.000000 0.000000 1.000000
0.993661 0.061960 -0.093803 0.003889 -0.056023 0.996334 0.064657 2.184153 0.097465 -0.058992 0.993489 -0.006628 0.000000 0.000000 0.000000 1.000000
0.993924 0.061883 -0.091026 0.004671 -0.056063 0.996299 0.065159 2.184128 0.094721 -0.059660 0.993715 -0.007040 0.000000 0.000000 0.000000 1.000000</float_array>
        <technique_common>
          <accessor source="#mixamorig_Hips-Matrix-animation-output-transform-array" count="88" stride="16">
            <param type="float4x4"/>
          </accessor>
        </technique_common>
      </source>
      <source id="mixamorig_Hips-Interpolations">
        <Name_array id="mixamorig_Hips-Interpolations-array" count="88">
 LINEAR LINEAR LINEAR LINEAR LINEAR LINEAR LINEAR LINEAR LINEAR LINEAR LINEAR
LINEAR LINEAR LINEAR LINEAR LINEAR LINEAR LINEAR LINEAR LINEAR LINEAR LINEAR LINEAR
LINEAR LINEAR LINEAR LINEAR LINEAR LINEAR LINEAR LINEAR LINEAR LINEAR LINEAR LINEAR
LINEAR LINEAR LINEAR LINEAR LINEAR LINEAR LINEAR LINEAR LINEAR LINEAR LINEAR LINEAR
LINEAR LINEAR LINEAR LINEAR LINEAR LINEAR LINEAR LINEAR LINEAR LINEAR LINEAR LINEAR
LINEAR LINEAR LINEAR LINEAR LINEAR LINEAR LINEAR LINEAR LINEAR LINEAR LINEAR LINEAR
LINEAR LINEAR LINEAR LINEAR LINEAR LINEAR LINEAR LINEAR LINEAR LINEAR LINEAR LINEAR
LINEAR LINEAR LINEAR LINEAR LINEAR</Name_array>
        <technique_common>
          <accessor source="#mixamorig_Hips-Interpolations-array" count="88">
            <param type="name"/>
          </accessor>
        </technique_common>
      </source>
      <sampler id="mixamorig_Hips-Matrix-animation-transform">
        <input semantic="INPUT" source="#mixamorig_Hips-Matrix-animation-input"/>
        <input semantic="OUTPUT" source="#mixamorig_Hips-Matrix-animation-output-transform"/>
        <input semantic="INTERPOLATION" source="#mixamorig_Hips-Interpolations"/>
      </sampler>
      <channel source="#mixamorig_Hips-Matrix-animation-transform" target="mixamorig_Hips/matrix"/>
      <source id="mixamorig_Spine-Matrix-animation-input">
        <float_array id="mixamorig_Spine-Matrix-animation-input-array" count="88">

0.000000 0.033333 0.066667 0.100000 0.133333 0.166667 0.200000 0.233333 0.266667 0.300000 0.333333 0.366667 0.400000 0.433333 0.466667 0.500000
0.533333 0.566667 0.600000 0.633333 0.666667 0.700000 0.733333 0.766667 0.800000 0.833333 0.866667 0.900000 0.933333 0.966667 1.000000 1.033333
1.066667 1.100000 1.133333 1.166667 1.200000 1.233333 1.266667 1.300000 1.333333 1.366667 1.400000 1.433333 1.466667 1.500000 1.533333 1.566667
1.600000 1.633333 1.666667 1.700000 1.733333 1.766667 1.800000 1.833333 1.866667 1.900000 1.933333 1.966667 2.000000 2.033333 2.066667 2.100000
2.133333 2.166667 2.200000 2.233333 2.266667 2.300000 2.333333 2.366667 2.400000 2.433333 2.466667 2.500000 2.533333 2.566667 2.600000 2.633333
2.666667 2.700000 2.733333 2.766667 2.800000 2.833333 2.866667 2.900000</float_array>
        <technique_common>
          <accessor source="#mixamorig_Spine-Matrix-animation-input-array" count="88">
            <param name="TIME" type="float"/>
          </accessor>
        </technique_common>
      </source>
      <source id="mixamorig_Spine-Matrix-animation-output-transform">
        <float_array id="mixamorig_Spine-Matrix-animation-output-transform-array" count="1408">

0.998655 -0.046161 0.023618 0.000000 0.045814 0.998837 0.015024 0.168800 -0.024284 -0.013922 0.999608 -0.012300 0.000000 0.000000 0.000000 1.000000
0.998659 -0.046059 0.023627 -0.000000 0.045722 0.998847 0.014615 0.168800 -0.024273 -0.013515 0.999614 -0.012300 0.000000 0.000000 0.000000 1.000000
0.998665 -0.045932 0.023639 -0.000000 0.045608 0.998860 0.014071 0.168800 -0.024258 -0.012974 0.999622 -0.012300 0.000000 0.000000 0.000000 1.000000
0.998666 -0.045902 0.023642 0.000000 0.045591 0.998869 0.013519 0.168800 -0.024236 -0.012423 0.999629 -0.012300 0.000000 0.000000 0.000000 1.000000
0.998661 -0.046009 0.023632 0.000000 0.045707 0.998868 0.013140 0.168800 -0.024209 -0.012042 0.999634 -0.012300 0.000000 0.000000 0.000000 1.000000
0.998652 -0.046168 0.023702 0.000000 0.045867 0.998862 0.013105 0.168800 -0.024280 -0.012000 0.999633 -0.012300 0.000000 0.000000 0.000000 1.000000
0.998642 -0.046277 0.023945 0.000000 0.045962 0.998852 0.013513 0.168800 -0.024543 -0.012394 0.999622 -0.012300 0.000000 0.000000 0.000000 1.000000
0.998634 -0.046282 0.024256 0.000000 0.045943 0.998841 0.014351 0.168800 -0.024892 -0.013217 0.999603 -0.012300 0.000000 0.000000 0.000000 1.000000
0.998633 -0.046138 0.024552 0.000000 0.045767 0.998832 0.015469 0.168800 -0.025237 -0.014324 0.999579 -0.012300 0.000000 0.000000 0.000000 1.000000
0.998649 -0.045666 0.024805 0.000000 0.045261 0.998836 0.016647 0.168800 -0.025536 -0.015502 0.999554 -0.012300 0.000000 0.000000 0.000000 1.000000
0.998680 -0.044836 0.025061 0.000000 0.044399 0.998856 0.017741 0.168800 -0.025827 -0.016605 0.999528 -0.012300 0.000000 0.000000 0.000000 1.000000
0.998721 -0.043711 0.025423 0.000000 0.043240 0.998889 0.018759 0.168800 -0.026215 -0.017636 0.999501 -0.012300 0.000000 0.000000 0.000000 1.000000
0.998760 -0.042463 0.025988 -0.000000 0.041955 0.998924 0.019781 0.168800 -0.026800 -0.018666 0.999467 -0.012300 0.000000 0.000000 0.000000 1.000000
0.998797 -0.041028 0.026847 0.000000 0.040476 0.998964 0.020814 0.168800 -0.027673 -0.019702 0.999423 -0.012300 0.000000 0.000000 0.000000 1.000000
0.998838 -0.039162 0.028080 -0.000000 0.038556 0.999018 0.021810 0.168800 -0.028906 -0.020702 0.999368 -0.012300 0.000000 0.000000 0.000000 1.000000
0.998890 -0.036503 0.029757 0.000000 0.035830 0.999096 0.022871 0.168800 -0.030565 -0.021780 0.999295 -0.012300 0.000000 0.000000 0.000000 1.000000
0.998945 -0.033096 0.031821 -0.000000 0.032327 0.999179 0.024401 0.168800 -0.032602 -0.023347 0.999196 -0.012300 0.000000 0.000000 0.000000 1.000000
0.998987 -0.029476 0.034016 0.000000 0.028568 0.999231 0.026873 0.168800 -0.034782 -0.025874 0.999060 -0.012300 0.000000 0.000000 0.000000 1.000000
0.999008 -0.026248 0.035965 -0.000000 0.025157 0.999219 0.030456 0.168800 -0.036736 -0.029521 0.998889 -0.012300 0.000000 0.000000 0.000000 1.000000
0.999023 -0.023579 0.037382 -0.000000 0.022273 0.999140 0.034974 0.168800 -0.038174 -0.034107 0.998689 -0.012300 0.000000 0.000000 0.000000 1.000000
0.999044 -0.021153 0.038259 -0.000000 0.019612 0.998998 0.040217 0.168800 -0.039072 -0.039428 0.998458 -0.012300 0.000000 0.000000 0.000000 1.000000
0.999073 -0.018700 0.038774 0.000000 0.016903 0.998791 0.046170 0.168800 -0.039590 -0.045471 0.998181 -0.012300 0.000000 0.000000 0.000000 1.000000
0.999103 -0.016093 0.039168 0.000000 0.014011 0.998504 0.052852 0.168800 -0.039960 -0.052256 0.997834 -0.012300 0.000000 0.000000 0.000000 1.000000
0.999124 -0.013437 0.039631 0.000000 0.011043 0.998136 0.060021 0.168800 -0.040363 -0.059531 0.997410 -0.012300 0.000000 0.000000 0.000000 1.000000
0.999129 -0.010913 0.040278 0.000000 0.008192 0.997711 0.067128 0.168800 -0.040919 -0.066740 0.996931 -0.012300 0.000000 0.000000 0.000000 1.000000
0.999117 -0.008635 0.041118 0.000000 0.005588 0.997270 0.073630 0.168800 -0.041642 -0.073335 0.996438 -0.012300 0.000000 0.000000 0.000000 1.000000
0.999096 -0.006639 0.041992 0.000000 0.003294 0.996850 0.079240 0.168800 -0.042386 -0.079030 0.995971 -0.012300 0.000000 0.000000 0.000000 1.000000
0.999078 -0.004926 0.042655 0.000000 0.001332 0.996474 0.083889 0.168800 -0.042918 -0.083755 0.995562 -0.012300 0.000000 0.000000 0.000000 1.000000
0.999071 -0.003492 0.042960 0.000000 -0.000282 0.996161 0.087542 0.168800 -0.043100 -0.087473 0.995234 -0.012300 0.000000 0.000000 0.000000 1.000000
0.999070 -0.002372 0.043049 -0.000000 -0.001518 0.995932 0.090092 0.168800 -0.043088 -0.090074 0.995003 -0.012300 0.000000 0.000000 0.000000 1.000000
0.999071 -0.001649 0.043057 0.000000 -0.002294 0.995814 0.091377 0.168800 -0.043027 -0.091391 0.994885 -0.012300 0.000000 0.000000 0.000000 1.000000
0.999071 -0.001435 0.043069 -0.000000 -0.002503 0.995827 0.091227 0.168800 -0.043020 -0.091250 0.994898 -0.012300 0.000000 0.000000 0.000000 1.000000
0.999065 -0.001794 0.043205 0.000000 -0.002085 0.995980 0.089550 0.168800 -0.043192 -0.089556 0.995045 -0.012300 0.000000 0.000000 0.000000 1.000000
0.999053 -0.002680 0.043424 0.000000 -0.001085 0.996255 0.086453 0.168800 -0.043493 -0.086418 0.995309 -0.012300 0.000000 0.000000 0.000000 1.000000
0.999041 -0.003957 0.043608 0.000000 0.000359 0.996614 0.082226 0.168800 -0.043786 -0.082131 0.995659 -0.012300 0.000000 0.000000 0.000000 1.000000
0.999027 -0.005492 0.043768 0.000000 0.002101 0.997016 0.077169 0.168800 -0.044061 -0.077002 0.996057 -0.012300 0.000000 0.000000 0.000000 1.000000
0.999008 -0.007214 0.043935 -0.000000 0.004062 0.997437 0.071429 0.168800 -0.044338 -0.071180 0.996478 -0.012300 0.000000 0.000000 0.000000 1.000000
0.998985 -0.009098 0.044114 0.000000 0.006217 0.997864 0.065021 0.168800 -0.044611 -0.064681 0.996908 -0.012300 0.000000 0.000000 0.000000 1.000000
0.998960 -0.011122 0.044221 0.000000 0.008547 0.998279 0.058014 0.168800 -0.044790 -0.057575 0.997336 -0.012300 0.000000 0.000000 0.000000 1.000000
0.998935 -0.013321 0.044169 0.000000 0.011079 0.998655 0.050641 0.168800 -0.044784 -0.050098 0.997740 -0.012300 0.000000 0.000000 0.000000 1.000000
0.998908 -0.015733 0.043981 0.000000 0.013831 0.998970 0.043228 0.168800 -0.044616 -0.042572 0.998097 -0.012300 0.000000 0.000000 0.000000 1.000000
0.998876 -0.018269 0.043727 0.000000 0.016699 0.999212 0.036019 0.168800 -0.044351 -0.035248 0.998394 -0.012300 0.000000 0.000000 0.000000 1.000000
0.998841 -0.020710 0.043441 0.000000 0.019453 0.999385 0.029165 0.168800 -0.044018 -0.028286 0.998630 -0.012300 0.000000 0.000000 0.000000 1.000000
0.998807 -0.022860 0.043144 0.000000 0.021888 0.999499 0.022872 0.168800 -0.043645 -0.021900 0.998807 -0.012300 0.000000 0.000000 0.000000 1.000000
0.998777 -0.024751 0.042793 0.000000 0.024020 0.999558 0.017498 0.168800 -0.043208 -0.016449 0.998931 -0.012300 0.000000 0.000000 0.000000 1.000000
0.998757 -0.026498 0.042211 0.000000 0.025956 0.999574 0.013329 0.168800 -0.042547 -0.012217 0.999020 -0.012300 0.000000 0.000000 0.000000 1.000000
0.998743 -0.028088 0.041513 -0.000000 0.027685 0.999564 0.010253 0.168800 -0.041783 -0.009090 0.999085 -0.012300 0.000000 0.000000 0.000000 1.000000
0.998729 -0.029369 0.040962 0.000000 0.029071 0.999547 0.007847 0.168800 -0.041173 -0.006647 0.999130 -0.012300 0.000000 0.000000 0.000000 1.000000
0.998714 -0.030276 0.040657 -0.000000 0.030064 0.999531 0.005805 0.168800 -0.040813 -0.004575 0.999156 -0.012300 0.000000 0.000000 0.000000 1.000000
0.998701 -0.030998 0.040431 0.000000 0.030858 0.999515 0.004092 0.168800 -0.040538 -0.002839 0.999174 -0.012300 0.000000 0.000000 0.000000 1.000000
0.998690 -0.031874 0.040029 -0.000000 0.031790 0.999491 0.002740 0.168800 -0.040096 -0.001464 0.999195 -0.012300 0.000000 0.000000 0.000000 1.000000
0.998678 -0.033103 0.039318 -0.000000 0.033063 0.999452 0.001670 0.168800 -0.039352 -0.000368 0.999225 -0.012300 0.000000 0.000000 0.000000 1.000000
0.998665 -0.034619 0.038340 0.000000 0.034616 0.999400 0.000726 0.168800 -0.038342 0.000602 0.999265 -0.012300 0.000000 0.000000 0.000000 1.000000
0.998650 -0.036199 0.037247 0.000000 0.036231 0.999343 -0.000177 0.168800 -0.037216 0.001526 0.999306 -0.012300 0.000000 0.000000 0.000000 1.000000
0.998635 -0.037621 0.036223 0.000000 0.037681 0.999289 -0.000977 0.168800 -0.036161 0.002340 0.999343 -0.012300 0.000000 0.000000 0.000000 1.000000
0.998630 -0.038536 0.035390 0.000000 0.038615 0.999253 -0.001541 0.168800 -0.035304 0.002905 0.999372 -0.012300 0.000000 0.000000 0.000000 1.000000
0.998616 -0.039513 0.034702 0.000000 0.039598 0.999214 -0.001768 0.168800 -0.034605 0.003140 0.999396 -0.012300 0.000000 0.000000 0.000000 1.000000
0.998603 -0.040414 0.034044 0.000000 0.040499 0.999178 -0.001817 0.168800 -0.033942 0.003193 0.999419 -0.012300 0.000000 0.000000 0.000000 1.000000
0.998598 -0.041169 0.033272 0.000000 0.041253 0.999147 -0.001838 0.168800 -0.033168 0.003208 0.999445 -0.012300 0.000000 0.000000 0.000000 1.000000
0.998599 -0.041923 0.032296 -0.000000 0.042004 0.999116 -0.001834 0.168800 -0.032190 0.003188 0.999477 -0.012300 0.000000 0.000000 0.000000 1.000000
0.998599 -0.042783 0.031123 -0.000000 0.042860 0.999079 -0.001809 0.168800 -0.031017 0.003140 0.999514 -0.012300 0.000000 0.000000 0.000000 1.000000
0.998598 -0.043693 0.029868 -0.000000 0.043765 0.999040 -0.001768 0.168800 -0.029762 0.003072 0.999552 -0.012300 0.000000 0.000000 0.000000 1.000000
0.998593 -0.044580 0.028703 0.000000 0.044644 0.999002 -0.001600 0.168800 -0.028603 0.002879 0.999587 -0.012300 0.000000 0.000000 0.000000 1.000000
0.998583 -0.045411 0.027760 0.000000 0.045463 0.998965 -0.001225 0.168800 -0.027675 0.002485 0.999614 -0.012300 0.000000 0.000000 0.000000 1.000000
0.998567 -0.046182 0.027044 -0.000000 0.046218 0.998931 -0.000719 0.168800 -0.026981 0.001968 0.999634 -0.012300 0.000000 0.000000 0.000000 1.000000
0.998540 -0.047111 0.026434 0.000000 0.047130 0.998889 -0.000098 0.168800 -0.026400 0.001344 0.999651 -0.012300 0.000000 0.000000 0.000000 1.000000
0.998523 -0.047833 0.025781 0.000000 0.047832 0.998855 0.000652 0.168800 -0.025783 0.000582 0.999667 -0.012300 0.000000 0.000000 0.000000 1.000000
0.998513 -0.048429 0.025016 -0.000000 0.048405 0.998827 0.001573 0.168800 -0.025062 -0.000360 0.999686 -0.012300 0.000000 0.000000 0.000000 1.000000
0.998509 -0.048930 0.024197 0.000000 0.048880 0.998801 0.002658 0.168800 -0.024298 -0.001472 0.999704 -0.012300 0.000000 0.000000 0.000000 1.000000
0.998507 -0.049326 0.023455 0.000000 0.049250 0.998779 0.003826 0.168800 -0.023615 -0.002665 0.999718 -0.012300 0.000000 0.000000 0.000000 1.000000
0.998508 -0.049576 0.022887 -0.000000 0.049476 0.998763 0.004954 0.168800 -0.023104 -0.003814 0.999726 -0.012300 0.000000 0.000000 0.000000 1.000000
0.998509 -0.049736 0.022508 -0.000000 0.049613 0.998751 0.005963 0.168800 -0.022776 -0.004837 0.999729 -0.012300 0.000000 0.000000 0.000000 1.000000
0.998513 -0.049754 0.022275 0.000000 0.049612 0.998745 0.006871 0.168800 -0.022589 -0.005756 0.999728 -0.012300 0.000000 0.000000 0.000000 1.000000
0.998518 -0.049701 0.022155 0.000000 0.049540 0.998742 0.007768 0.168800 -0.022513 -0.006659 0.999724 -0.012300 0.000000 0.000000 0.000000 1.000000
0.998527 -0.049567 0.022084 -0.000000 0.049385 0.998742 0.008719 0.168800 -0.022489 -0.007616 0.999718 -0.012300 0.000000 0.000000 0.000000 1.000000
0.998539 -0.049322 0.022051 0.000000 0.049118 0.998746 0.009712 0.168800 -0.022502 -0.008614 0.999710 -0.012300 0.000000 0.000000 0.000000 1.000000
0.998558 -0.048961 0.022026 0.000000 0.048736 0.998755 0.010670 0.168800 -0.022521 -0.009582 0.999700 -0.012300 0.000000 0.000000 0.000000 1.000000
0.998579 -0.048535 0.022014 0.000000 0.048290 0.998767 0.011529 0.168800 -0.022546 -0.010449 0.999691 -0.012300 0.000000 0.000000 0.000000 1.000000
0.998599 -0.048110 0.022020 -0.000000 0.047848 0.998779 0.012266 0.168800 -0.022583 -0.011195 0.999682 -0.012300 0.000000 0.000000 0.000000 1.000000
0.998618 -0.047717 0.022048 -0.000000 0.047441 0.998791 0.012900 0.168800 -0.022637 -0.011836 0.999674 -0.012300 0.000000 0.000000 0.000000 1.000000
0.998633 -0.047357 0.022107 -0.000000 0.047068 0.998801 0.013455 0.168800 -0.022717 -0.012396 0.999665 -0.012300 0.000000 0.000000 0.000000 1.000000
0.998647 -0.047011 0.022242 0.000000 0.046708 0.998811 0.013941 0.168800 -0.022871 -0.012884 0.999655 -0.012300 0.000000 0.000000 0.000000 1.000000
0.998656 -0.046697 0.022507 0.000000 0.046381 0.998821 0.014363 0.168800 -0.023151 -0.013300 0.999644 -0.012300 0.000000 0.000000 0.000000 1.000000
0.998659 -0.046465 0.022821 -0.000000 0.046136 0.998827 0.014711 0.168800 -0.023478 -0.013639 0.999631 -0.012300 0.000000 0.000000 0.000000 1.000000
0.998659 -0.046339 0.023102 -0.000000 0.046000 0.998829 0.014967 0.168800 -0.023769 -0.013884 0.999621 -0.012300 0.000000 0.000000 0.000000 1.000000
0.998657 -0.046270 0.023303 0.000000 0.045926 0.998831 0.015053 0.168800 -0.023972 -0.013963 0.999615 -0.012300 0.000000 0.000000 0.000000 1.000000
0.998659 -0.046197 0.023374 0.000000 0.045853 0.998835 0.015057 0.168800 -0.024042 -0.013965 0.999613 -0.012300 0.000000 0.000000 0.000000 1.000000
0.998657 -0.046239 0.023371 -0.000000 0.045895 0.998833 0.015058 0.168800 -0.024040 -0.013965 0.999613 -0.012300 0.000000 0.000000 0.000000 1.000000</float_array>
        <technique_common>
          <accessor source="#mixamorig_Spine-Matrix-animation-output-transform-array" count="88" stride="16">
            <param type="float4x4"/>
          </accessor>
        </technique_common>
      </source>
      <source id="mixamorig_Spine-Interpolations">
        <Name_array id="mixamorig_Spine-Interpolations-array" count="88">
 LINEAR LINEAR LINEAR LINEAR LINEAR LINEAR LINEAR LINEAR LINEAR LINEAR LINEAR
LINEAR LINEAR LINEAR LINEAR LINEAR LINEAR LINEAR LINEAR LINEAR LINEAR LINEAR LINEAR
LINEAR LINEAR LINEAR LINEAR LINEAR LINEAR LINEAR LINEAR LINEAR LINEAR LINEAR LINEAR
LINEAR LINEAR LINEAR LINEAR LINEAR LINEAR LINEAR LINEAR LINEAR LINEAR LINEAR LINEAR
LINEAR LINEAR LINEAR LINEAR LINEAR LINEAR LINEAR LINEAR LINEAR LINEAR LINEAR LINEAR
LINEAR LINEAR LINEAR LINEAR LINEAR LINEAR LINEAR LINEAR LINEAR LINEAR LINEAR LINEAR
LINEAR LINEAR LINEAR LINEAR LINEAR LINEAR LINEAR LINEAR LINEAR LINEAR LINEAR LINEAR
LINEAR LINEAR LINEAR LINEAR LINEAR</Name_array>
        <technique_common>
          <accessor source="#mixamorig_Spine-Interpolations-array" count="88">
            <param type="name"/>
          </accessor>
        </technique_common>
      </source>
      <sampler id="mixamorig_Spine-Matrix-animation-transform">
        <input semantic="INPUT" source="#mixamorig_Spine-Matrix-animation-input"/>
        <input semantic="OUTPUT" source="#mixamorig_Spine-Matrix-animation-output-transform"/>
        <input semantic="INTERPOLATION" source="#mixamorig_Spine-Interpolations"/>
      </sampler>
      <channel source="#mixamorig_Spine-Matrix-animation-transform" target="mixamorig_Spine/matrix"/>
      <source id="mixamorig_Spine1-Matrix-animation-input">
        <float_array id="mixamorig_Spine1-Matrix-animation-input-array" count="88">

0.000000 0.033333 0.066667 0.100000 0.133333 0.166667 0.200000 0.233333 0.266667 0.300000 0.333333 0.366667 0.400000 0.433333 0.466667 0.500000
0.533333 0.566667 0.600000 0.633333 0.666667 0.700000 0.733333 0.766667 0.800000 0.833333 0.866667 0.900000 0.933333 0.966667 1.000000 1.033333
1.066667 1.100000 1.133333 1.166667 1.200000 1.233333 1.266667 1.300000 1.333333 1.366667 1.400000 1.433333 1.466667 1.500000 1.533333 1.566667
1.600000 1.633333 1.666667 1.700000 1.733333 1.766667 1.800000 1.833333 1.866667 1.900000 1.933333 1.966667 2.000000 2.033333 2.066667 2.100000
2.133333 2.166667 2.200000 2.233333 2.266667 2.300000 2.333333 2.366667 2.400000 2.433333 2.466667 2.500000 2.533333 2.566667 2.600000 2.633333
2.666667 2.700000 2.733333 2.766667 2.800000 2.833333 2.866667 2.900000</float_array>
        <technique_common>
          <accessor source="#mixamorig_Spine1-Matrix-animation-input-array" count="88">
            <param name="TIME" type="float"/>
          </accessor>
        </technique_common>
      </source>
      <source id="mixamorig_Spine1-Matrix-animation-output-transform">
        <float_array id="mixamorig_Spine1-Matrix-animation-output-transform-array" count="1408">

0.999615 -0.027462 0.004017 -0.000000 0.027537 0.999418 -0.020129 0.197500 -0.003462 0.020232 0.999789 0.000000 0.000000 0.000000 0.000000 1.000000
0.999609 -0.027689 0.004001 0.000000 0.027766 0.999403 -0.020557 0.197500 -0.003429 0.020660 0.999781 -0.000000 0.000000 0.000000 0.000000 1.000000
0.999601 -0.027967 0.003981 0.000000 0.028045 0.999387 -0.020976 0.197500 -0.003392 0.021080 0.999772 -0.000000 0.000000 0.000000 0.000000 1.000000
0.999592 -0.028277 0.003958 0.000000 0.028354 0.999372 -0.021242 0.197500 -0.003355 0.021345 0.999767 0.000000 0.000000 0.000000 0.000000 1.000000
0.999584 -0.028572 0.003937 -0.000000 0.028649 0.999365 -0.021163 0.197500 -0.003329 0.021267 0.999768 0.000000 0.000000 0.000000 0.000000 1.000000
0.999578 -0.028771 0.004007 -0.000000 0.028847 0.999372 -0.020582 0.197500 -0.003413 0.020689 0.999780 0.000000 0.000000 0.000000 0.000000 1.000000
0.999576 -0.028783 0.004310 0.000000 0.028861 0.999395 -0.019433 0.197500 -0.003748 0.019549 0.999802 0.000000 0.000000 0.000000 0.000000 1.000000
0.999582 -0.028520 0.004748 -0.000000 0.028600 0.999433 -0.017790 0.197500 -0.004238 0.017918 0.999830 0.000000 0.000000 0.000000 0.000000 1.000000
0.999596 -0.027943 0.005207 -0.000000 0.028022 0.999481 -0.015891 0.197500 -0.004761 0.016030 0.999860 0.000000 0.000000 0.000000 0.000000 1.000000
0.999618 -0.027078 0.005624 0.000000 0.027155 0.999532 -0.014054 0.197500 -0.005241 0.014201 0.999885 -0.000000 0.000000 0.000000 0.000000 1.000000
0.999644 -0.025993 0.006047 -0.000000 0.026067 0.999582 -0.012515 0.197500 -0.005719 0.012668 0.999903 0.000000 0.000000 0.000000 0.000000 1.000000
0.999671 -0.024766 0.006614 -0.000000 0.024840 0.999627 -0.011339 0.197500 -0.006331 0.011500 0.999914 0.000000 0.000000 0.000000 0.000000 1.000000
0.999696 -0.023485 0.007465 -0.000000 0.023562 0.999667 -0.010514 0.197500 -0.007216 0.010687 0.999917 0.000000 0.000000 0.000000 0.000000 1.000000
0.999716 -0.022201 0.008699 -0.000000 0.022289 0.999701 -0.010097 0.197500 -0.008472 0.010288 0.999911 0.000000 0.000000 0.000000 0.000000 1.000000
0.999729 -0.020833 0.010394 -0.000000 0.020939 0.999729 -0.010212 0.197500 -0.010179 0.010427 0.999894 0.000000 0.000000 0.000000 0.000000 1.000000
0.999737 -0.019149 0.012620 0.000000 0.019286 0.999755 -0.010860 0.197500 -0.012408 0.011100 0.999861 -0.000000 0.000000 0.000000 0.000000 1.000000
0.999737 -0.017015 0.015345 0.000000 0.017196 0.999783 -0.011739 0.197500 -0.015142 0.012000 0.999813 -0.000000 0.000000 0.000000 0.000000 1.000000
0.999724 -0.014695 0.018315 0.000000 0.014922 0.999812 -0.012366 0.197500 -0.018130 0.012636 0.999756 0.000000 0.000000 0.000000 0.000000 1.000000
0.999697 -0.012735 0.021058 0.000000 0.012998 0.999839 -0.012398 0.197500 -0.020896 0.012668 0.999701 0.000000 0.000000 0.000000 0.000000 1.000000
0.999667 -0.011403 0.023164 0.000000 0.011679 0.999862 -0.011801 0.197500 -0.023027 0.012068 0.999662 -0.000000 0.000000 0.000000 0.000000 1.000000
0.999644 -0.010341 0.024590 0.000000 0.010606 0.999887 -0.010684 0.197500 -0.024477 0.010941 0.999641 0.000000 0.000000 0.000000 0.000000 1.000000
0.999632 -0.008931 0.025625 -0.000000 0.009165 0.999917 -0.009043 0.197500 -0.025542 0.009275 0.999631 0.000000 0.000000 0.000000 0.000000 1.000000
0.999622 -0.006955 0.026603 0.000000 0.007138 0.999951 -0.006801 0.197500 -0.026554 0.006988 0.999623 0.000000 0.000000 0.000000 0.000000 1.000000
0.999604 -0.004760 0.027720 0.000000 0.004875 0.999980 -0.004084 0.197500 -0.027700 0.004218 0.999607 -0.000000 0.000000 0.000000 0.000000 1.000000
0.999574 -0.002828 0.029056 0.000000 0.002867 0.999995 -0.001304 0.197500 -0.029052 0.001387 0.999577 -0.000000 0.000000 0.000000 0.000000 1.000000
0.999532 -0.001334 0.030567 -0.000000 0.001300 0.999999 0.001124 0.197500 -0.030568 -0.001084 0.999532 0.000000 0.000000 0.000000 0.000000 1.000000
0.999487 -0.000149 0.032027 -0.000000 0.000052 0.999995 0.003038 0.197500 -0.032027 -0.003035 0.999482 0.000000 0.000000 0.000000 0.000000 1.000000
0.999451 0.000889 0.033118 -0.000000 -0.001038 0.999989 0.004481 0.197500 -0.033114 -0.004513 0.999441 0.000000 0.000000 0.000000 0.000000 1.000000
0.999431 0.001807 0.033667 -0.000000 -0.001995 0.999983 0.005542 0.197500 -0.033656 -0.005606 0.999418 -0.000000 0.000000 0.000000 0.000000 1.000000
0.999426 0.002531 0.033779 0.000000 -0.002745 0.999976 0.006288 0.197500 -0.033762 -0.006377 0.999410 -0.000000 0.000000 0.000000 0.000000 1.000000
0.999426 0.002990 0.033753 0.000000 -0.003219 0.999972 0.006734 0.197500 -0.033732 -0.006838 0.999408 -0.000000 0.000000 0.000000 0.000000 1.000000
0.999425 0.003131 0.033749 -0.000000 -0.003363 0.999971 0.006792 0.197500 -0.033727 -0.006902 0.999407 0.000000 0.000000 0.000000 0.000000 1.000000
0.999421 0.002979 0.033900 0.000000 -0.003195 0.999975 0.006314 0.197500 -0.033881 -0.006418 0.999405 0.000000 0.000000 0.000000 0.000000 1.000000
0.999418 0.002525 0.034017 0.000000 -0.002706 0.999982 0.005262 0.197500 -0.034003 -0.005351 0.999407 0.000000 0.000000 0.000000 0.000000 1.000000
0.999418 0.001821 0.034056 0.000000 -0.001951 0.999991 0.003789 0.197500 -0.034049 -0.003853 0.999413 0.000000 0.000000 0.000000 0.000000 1.000000
0.999419 0.000914 0.034073 0.000000 -0.000986 0.999997 0.002100 0.197500 -0.034071 -0.002132 0.999417 -0.000000 0.000000 0.000000 0.000000 1.000000
0.999420 -0.000134 0.034056 0.000000 0.000126 1.000000 0.000248 0.197500 -0.034056 -0.000243 0.999420 -0.000000 0.000000 0.000000 0.000000 1.000000
0.999420 -0.001255 0.034021 0.000000 0.001319 0.999997 -0.001884 0.197500 -0.034018 0.001928 0.999419 -0.000000 0.000000 0.000000 0.000000 1.000000
0.999421 -0.002422 0.033930 0.000000 0.002572 0.999987 -0.004387 0.197500 -0.033919 0.004471 0.999415 -0.000000 0.000000 0.000000 0.000000 1.000000
0.999426 -0.003687 0.033662 0.000000 0.003931 0.999966 -0.007184 0.197500 -0.033634 0.007312 0.999407 0.000000 0.000000 0.000000 0.000000 1.000000
