<?xml version="1.0" encoding="utf-8"?>
<COLLADA xmlns="http://www.collada.org/2005/11/COLLADASchema" version="1.4.1">
  <asset>
    <contributor>
      <author>Mixamo</author>
      <authoring_tool>COLLADA Mixamo exporter</authoring_tool>
      <comments/>
    </contributor>
    <created>2018-01-05T20:42:08Z</created>
    <modified>2018-01-05T20:42:08Z</modified>
    <revision/>
    <title/>
    <unit meter="0.010000"/>
    <up_axis>Y_UP</up_axis>
  </asset>
  <library_animations>
    <animation>
      <source id="mixamorig_Hips-Matrix-animation-input">
        <float_array id="mixamorig_Hips-Matrix-animation-input-array" count="116">

0.000000 0.033333 0.066667 0.100000 0.133333 0.166667 0.200000 0.233333 0.266667 0.300000 0.333333 0.366667 0.400000 0.433333 0.466667 0.500000
0.533333 0.566667 0.600000 0.633333 0.666667 0.700000 0.733333 0.766667 0.800000 0.833333 0.866667 0.900000 0.933333 0.966667 1.000000 1.033333
1.066667 1.100000 1.133333 1.166667 1.200000 1.233333 1.266667 1.300000 1.333333 1.366667 1.400000 1.433333 1.466667 1.500000 1.533333 1.566667
1.600000 1.633333 1.666667 1.700000 1.733333 1.766667 1.800000 1.833333 1.866667 1.900000 1.933333 1.966667 2.000000 2.033333 2.066667 2.100000
2.133333 2.166667 2.200000 2.233333 2.266667 2.300000 2.333333 2.366667 2.400000 2.433333 2.466667 2.500000 2.533333 2.566667 2.600000 2.633333
2.666667 2.700000 2.733333 2.766667 2.800000 2.833333 2.866667 2.900000 2.933333 2.966667 3.000000 3.033333 3.066667 3.100000 3.133333 3.166667
3.200000 3.233333 3.266667 3.300000 3.333333 3.366667 3.400000 3.433333 3.466667 3.500000 3.533333 3.566667 3.600000 3.633333 3.666667 3.700000
3.733333 3.766667 3.800000 3.833333</float_array>
        <technique_common>
          <accessor source="#mixamorig_Hips-Matrix-animation-input-array" count="116">
            <param name="TIME" type="float"/>
          </accessor>
        </technique_common>
      </source>
      <source id="mixamorig_Hips-Matrix-animation-output-transform">
        <float_array id="mixamorig_Hips-Matrix-animation-output-transform-array" count="1856">

0.997141 0.033057 -0.067952 -0.017422 -0.025385 0.993516 0.110820 1.894815 0.071174 -0.108778 0.991515 0.010328 0.000000 0.000000 0.000000 1.000000
0.995278 0.042123 -0.087453 0.005533 -0.033475 0.994614 0.098095 1.895426 0.091114 -0.094705 0.991327 0.008711 0.000000 0.000000 0.000000 1.000000
0.993017 0.050034 -0.106836 0.029949 -0.041100 0.995596 0.084256 1.902290 0.110581 -0.079277 0.990700 0.009434 0.000000 0.000000 0.000000 1.000000
0.990284 0.058583 -0.126120 0.055227 -0.049882 0.996223 0.071079 1.915691 0.129808 -0.064098 0.989465 0.012723 0.000000 0.000000 0.000000 1.000000
0.986962 0.069191 -0.145322 0.080756 -0.061024 0.996336 0.059928 1.934962 0.148936 -0.050278 0.987568 0.018365 0.000000 0.000000 0.000000 1.000000
0.983222 0.083359 -0.162252 0.111254 -0.075829 0.995760 0.052076 1.980985 0.165905 -0.038899 0.985374 0.035717 0.000000 0.000000 0.000000 1.000000
0.977848 0.106160 -0.180400 0.141839 -0.095334 0.993142 0.067683 2.017195 0.186348 -0.048985 0.981262 0.057661 0.000000 0.000000 0.000000 1.000000
0.968981 0.136614 -0.205944 0.170190 -0.114892 0.986811 0.114034 2.039432 0.218806 -0.086835 0.971897 0.084566 0.000000 0.000000 0.000000 1.000000
0.968303 0.138810 -0.207657 0.171068 -0.116094 0.986216 0.117900 2.040022 0.221161 -0.090055 0.971071 0.085894 0.000000 0.000000 0.000000 1.000000
0.958213 0.170903 -0.229389 0.196976 -0.131232 0.975176 0.178352 2.047240 0.254176 -0.140796 0.956855 0.114700 0.000000 0.000000 0.000000 1.000000
0.948831 0.202989 -0.241898 0.223403 -0.144143 0.959970 0.240167 2.042420 0.280966 -0.193010 0.940109 0.146509 0.000000 0.000000 0.000000 1.000000
0.942243 0.228941 -0.244466 0.248815 -0.155164 0.945233 0.287156 2.030257 0.296819 -0.232638 0.926163 0.175188 0.000000 0.000000 0.000000 1.000000
0.936925 0.249688 -0.244598 0.271797 -0.164894 0.932766 0.320557 2.015811 0.308192 -0.260005 0.915104 0.199675 0.000000 0.000000 0.000000 1.000000
0.930474 0.268221 -0.249549 0.291545 -0.173125 0.922230 0.345716 2.003112 0.322870 -0.278476 0.904547 0.219129 0.000000 0.000000 0.000000 1.000000
0.921766 0.286855 -0.260887 0.308893 -0.180973 0.913322 0.364816 1.995380 0.342923 -0.289061 0.893782 0.232460 0.000000 0.000000 0.000000 1.000000
0.912207 0.305818 -0.272680 0.324832 -0.191345 0.906445 0.376489 1.994581 0.362307 -0.291260 0.885382 0.240419 0.000000 0.000000 0.000000 1.000000
0.904865 0.322565 -0.277797 0.339743 -0.205352 0.902368 0.378897 2.000809 0.372894 -0.285804 0.882761 0.242833 0.000000 0.000000 0.000000 1.000000
0.901459 0.334592 -0.274626 0.352585 -0.220610 0.900987 0.373568 2.011147 0.372427 -0.276171 0.886018 0.242104 0.000000 0.000000 0.000000 1.000000
0.901524 0.341750 -0.265447 0.362416 -0.234316 0.901239 0.364506 2.020831 0.363801 -0.266412 0.892566 0.240586 0.000000 0.000000 0.000000 1.000000
0.904746 0.343654 -0.251668 0.369194 -0.245118 0.903256 0.352201 2.024584 0.348355 -0.256964 0.901453 0.238324 0.000000 0.000000 0.000000 1.000000
0.911601 0.338606 -0.233087 0.374627 -0.252357 0.908565 0.332905 2.016948 0.324498 -0.244655 0.913698 0.232244 0.000000 0.000000 0.000000 1.000000
0.920643 0.328548 -0.210886 0.381823 -0.256222 0.916041 0.308576 1.994032 0.294562 -0.230055 0.927528 0.219578 0.000000 0.000000 0.000000 1.000000
0.928182 0.319747 -0.190370 0.390837 -0.258145 0.921714 0.289490 1.957413 0.268030 -0.219557 0.938059 0.201553 0.000000 0.000000 0.000000 1.000000
0.932938 0.312543 -0.178730 0.399522 -0.257361 0.926058 0.276010 1.914155 0.251779 -0.211502 0.944391 0.179121 0.000000 0.000000 0.000000 1.000000
0.937935 0.299253 -0.175286 0.408606 -0.250917 0.934447 0.252685 1.874023 0.239412 -0.193020 0.951538 0.149812 0.000000 0.000000 0.000000 1.000000
0.946116 0.276473 -0.168604 0.418962 -0.239308 0.947704 0.211159 1.844753 0.218167 -0.159433 0.962800 0.113822 0.000000 0.000000 0.000000 1.000000
0.955588 0.253824 -0.149750 0.429359 -0.229798 0.959894 0.160615 1.833383 0.184512 -0.119070 0.975591 0.076719 0.000000 0.000000 0.000000 1.000000
0.962774 0.239410 -0.125494 0.435679 -0.226111 0.967706 0.111441 1.843343 0.148121 -0.078917 0.985816 0.043979 0.000000 0.000000 0.000000 1.000000
0.966041 0.233466 -0.110718 0.436728 -0.226996 0.971519 0.068002 1.874195 0.123441 -0.040560 0.991523 0.018959 0.000000 0.000000 0.000000 1.000000
0.965871 0.232138 -0.114915 0.433798 -0.229737 0.972662 0.033900 1.918124 0.119643 -0.006343 0.992797 0.003566 0.000000 0.000000 0.000000 1.000000
0.963181 0.232063 -0.135751 0.428846 -0.232536 0.972506 0.012588 1.964503 0.134940 0.019443 0.990663 -0.002005 0.000000 0.000000 0.000000 1.000000
0.958424 0.234231 -0.162972 0.423949 -0.236499 0.971615 0.005620 2.006147 0.159662 0.033157 0.986615 0.000669 0.000000 0.000000 0.000000 1.000000
0.952388 0.239646 -0.188485 0.419625 -0.241522 0.970304 0.013298 2.037659 0.186074 0.032858 0.981986 0.010165 0.000000 0.000000 0.000000 1.000000
0.945103 0.249059 -0.211541 0.416185 -0.246811 0.968342 0.037403 2.056019 0.214159 0.016860 0.976653 0.026948 0.000000 0.000000 0.000000 1.000000
0.936513 0.262077 -0.232934 0.413307 -0.249562 0.964862 0.082215 2.060194 0.246296 -0.018864 0.969011 0.053156 0.000000 0.000000 0.000000 1.000000
0.927875 0.277953 -0.248576 0.410586 -0.247086 0.957560 0.148414 2.051477 0.279279 -0.076289 0.957175 0.089141 0.000000 0.000000 0.000000 1.000000
0.921474 0.295164 -0.252513 0.408007 -0.240924 0.944217 0.224520 2.032809 0.304697 -0.146053 0.941184 0.130916 0.000000 0.000000 0.000000 1.000000
0.918585 0.311082 -0.243783 0.404419 -0.236505 0.926853 0.291563 2.007776 0.316651 -0.210169 0.924965 0.168628 0.000000 0.000000 0.000000 1.000000
0.918189 0.324486 -0.227240 0.398887 -0.238046 0.910458 0.338231 1.981564 0.316644 -0.256467 0.913215 0.194041 0.000000 0.000000 0.000000 1.000000
0.918097 0.335964 -0.210301 0.391566 -0.244670 0.897813 0.366154 1.958697 0.311826 -0.284710 0.906479 0.208129 0.000000 0.000000 0.000000 1.000000
0.916590 0.346090 -0.200211 0.383260 -0.252201 0.889013 0.382165 1.943516 0.310254 -0.299795 0.902145 0.214259 0.000000 0.000000 0.000000 1.000000
0.913070 0.354684 -0.201254 0.375044 -0.257231 0.883863 0.390664 1.938870 0.316443 -0.304935 0.898264 0.214051 0.000000 0.000000 0.000000 1.000000
0.908108 0.361094 -0.212017 0.367462 -0.259494 0.882675 0.391852 1.945954 0.328637 -0.300827 0.895266 0.206965 0.000000 0.000000 0.000000 1.000000
0.903779 0.363559 -0.225852 0.360179 -0.260734 0.886150 0.383088 1.963761 0.339414 -0.287339 0.895675 0.192509 0.000000 0.000000 0.000000 1.000000
0.902923 0.359658 -0.235322 0.352272 -0.262039 0.894634 0.361891 1.987980 0.340684 -0.265096 0.902030 0.174532 0.000000 0.000000 0.000000 1.000000
0.906803 0.348948 -0.236523 0.343917 -0.263356 0.907044 0.328504 2.013984 0.329167 -0.235598 0.914408 0.154951 0.000000 0.000000 0.000000 1.000000
0.914716 0.331999 -0.230374 0.336106 -0.262974 0.921919 0.284449 2.037535 0.306823 -0.199607 0.930600 0.135026 0.000000 0.000000 0.000000 1.000000
0.925628 0.308646 -0.218975 0.328863 -0.258514 0.938287 0.229754 2.053317 0.276374 -0.156058 0.948295 0.115497 0.000000 0.000000 0.000000 1.000000
0.938745 0.279838 -0.201116 0.321862 -0.248820 0.954175 0.166249 2.055618 0.238423 -0.106024 0.965357 0.094587 0.000000 0.000000 0.000000 1.000000
0.952485 0.249514 -0.174684 0.317276 -0.233950 0.966565 0.104976 2.040309 0.195037 -0.059120 0.979013 0.069595 0.000000 0.000000 0.000000 1.000000
0.964240 0.221130 -0.146089 0.316831 -0.213839 0.974766 0.064056 2.007398 0.156568 -0.030526 0.987195 0.042757 0.000000 0.000000 0.000000 1.000000
0.972457 0.192885 -0.130854 0.320043 -0.187936 0.980944 0.049284 1.961897 0.137866 -0.023334 0.990176 0.017638 0.000000 0.000000 0.000000 1.000000
0.977778 0.159214 -0.136382 0.323684 -0.154580 0.987000 0.043994 1.910429 0.141614 -0.021934 0.989679 -0.005306 0.000000 0.000000 0.000000 1.000000
0.981313 0.119690 -0.150662 0.325679 -0.116432 0.992737 0.030293 1.863099 0.153194 -0.012185 0.988121 -0.026855 0.000000 0.000000 0.000000 1.000000
0.984572 0.080353 -0.155438 0.324642 -0.079906 0.996761 0.009136 1.829866 0.155668 0.003425 0.987803 -0.045717 0.000000 0.000000 0.000000 1.000000
0.988813 0.044104 -0.142490 0.316476 -0.045942 0.998898 -0.009630 1.813929 0.141908 0.016068 0.989749 -0.058961 0.000000 0.000000 0.000000 1.000000
0.993420 0.014036 -0.113663 0.302938 -0.016808 0.999583 -0.023464 1.821989 0.113286 0.025220 0.993242 -0.065620 0.000000 0.000000 0.000000 1.000000
0.997412 -0.012130 -0.070865 0.285123 0.009628 0.999322 -0.035538 1.853508 0.071248 0.034764 0.996853 -0.066167 0.000000 0.000000 0.000000 1.000000
0.999276 -0.034176 -0.016699 0.264371 0.033359 0.998340 -0.046959 1.901700 0.018276 0.046368 0.998757 -0.061872 0.000000 0.000000 0.000000 1.000000
0.997816 -0.050773 0.042249 0.240005 0.053098 0.997026 -0.055852 1.954746 -0.039287 0.057973 0.997545 -0.054067 0.000000 0.000000 0.000000 1.000000
0.992902 -0.063087 0.100829 0.211170 0.069231 0.995875 -0.058649 2.001626 -0.096713 0.065213 0.993174 -0.043721 0.000000 0.000000 0.000000 1.000000
0.984558 -0.075393 0.157995 0.179252 0.084194 0.995206 -0.049765 2.036863 -0.153485 0.062299 0.986185 -0.032085 0.000000 0.000000 0.000000 1.000000
0.973198 -0.091736 0.210881 0.146487 0.098993 0.994796 -0.024092 2.058237 -0.207574 0.044322 0.977215 -0.019729 0.000000 0.000000 0.000000 1.000000
0.960463 -0.113817 0.254079 0.113351 0.112791 0.993444 0.018650 2.066079 -0.254536 0.010745 0.967004 -0.005584 0.000000 0.000000 0.000000 1.000000
0.948584 -0.137650 0.285028 0.080034 0.121547 0.989859 0.073525 2.060801 -0.292258 -0.035100 0.955695 0.012309 0.000000 0.000000 0.000000 1.000000
0.938865 -0.160212 0.304736 0.046989 0.124317 0.983169 0.133880 2.043934 -0.321056 -0.087812 0.942980 0.032526 0.000000 0.000000 0.000000 1.000000
0.931718 -0.180880 0.314936 0.014950 0.123370 0.973218 0.193975 2.017682 -0.341587 -0.141877 0.929080 0.052341 0.000000 0.000000 0.000000 1.000000
0.926309 -0.199545 0.319582 -0.014434 0.120647 0.960665 0.250135 1.985680 -0.356925 -0.193146 0.913947 0.070092 0.000000 0.000000 0.000000 1.000000
0.920688 -0.216129 0.324994 -0.039866 0.116368 0.946817 0.299993 1.952862 -0.372547 -0.238381 0.896874 0.085992 0.000000 0.000000 0.000000 1.000000
0.914124 -0.230916 0.333250 -0.061168 0.111634 0.933539 0.340651 1.925372 -0.389764 -0.274195 0.879148 0.098539 0.000000 0.000000 0.000000 1.000000
0.908847 -0.244402 0.338031 -0.078873 0.110970 0.922835 0.368865 1.909400 -0.402098 -0.297731 0.865837 0.108637 0.000000 0.000000 0.000000 1.000000
0.907698 -0.256284 0.332269 -0.094132 0.118808 0.916385 0.382260 1.908859 -0.402454 -0.307500 0.862250 0.116682 0.000000 0.000000 0.000000 1.000000
0.910355 -0.265870 0.317124 -0.106194 0.134867 0.915088 0.380032 1.923032 -0.391236 -0.303194 0.868912 0.123146 0.000000 0.000000 0.000000 1.000000
0.914311 -0.272540 0.299594 -0.113641 0.154762 0.918682 0.363416 1.947191 -0.374277 -0.285910 0.882141 0.127422 0.000000 0.000000 0.000000 1.000000
0.918196 -0.275450 0.284681 -0.117362 0.173759 0.925898 0.335441 1.974934 -0.355983 -0.258535 0.898018 0.128116 0.000000 0.000000 0.000000 1.000000
0.922059 -0.274155 0.273216 -0.118919 0.188911 0.934873 0.300541 2.000448 -0.337817 -0.225503 0.913799 0.125151 0.000000 0.000000 0.000000 1.000000
0.925935 -0.269293 0.264813 -0.120321 0.199037 0.943810 0.263832 2.018708 -0.320981 -0.191584 0.927506 0.117966 0.000000 0.000000 0.000000 1.000000
0.929476 -0.262761 0.258904 -0.123759 0.205174 0.951529 0.229120 2.026090 -0.306559 -0.159841 0.938335 0.104975 0.000000 0.000000 0.000000 1.000000
0.932925 -0.256165 0.253043 -0.130665 0.208739 0.957383 0.199613 2.019613 -0.293393 -0.133404 0.946638 0.085677 0.000000 0.000000 0.000000 1.000000
0.937109 -0.249581 0.244000 -0.142509 0.208770 0.961030 0.181209 1.997620 -0.279717 -0.118872 0.952695 0.062132 0.000000 0.000000 0.000000 1.000000
0.941860 -0.241757 0.233354 -0.159275 0.202745 0.962719 0.179070 1.961801 -0.267945 -0.121347 0.955761 0.038134 0.000000 0.000000 0.000000 1.000000
0.945982 -0.230709 0.227797 -0.178415 0.189534 0.963554 0.188787 1.917436 -0.263050 -0.135414 0.955232 0.016228 0.000000 0.000000 0.000000 1.000000
0.948963 -0.214632 0.231088 -0.196518 0.170107 0.965321 0.198036 1.872452 -0.265579 -0.148619 0.952565 -0.003486 0.000000 0.000000 0.000000 1.000000
0.950723 -0.194421 0.241508 -0.211504 0.147868 0.968991 0.197969 1.836283 -0.272508 -0.152503 0.949991 -0.021244 0.000000 0.000000 0.000000 1.000000
0.950430 -0.175424 0.256728 -0.222681 0.128708 0.973554 0.188749 1.816729 -0.283050 -0.146349 0.947874 -0.035782 0.000000 0.000000 0.000000 1.000000
0.947047 -0.163636 0.276269 -0.230258 0.117697 0.977424 0.175472 1.817881 -0.298745 -0.133664 0.944926 -0.045500 0.000000 0.000000 0.000000 1.000000
0.940411 -0.159166 0.300489 -0.233771 0.113941 0.980098 0.162560 1.838675 -0.320383 -0.118635 0.939830 -0.049358 0.000000 0.000000 0.000000 1.000000
0.930405 -0.159561 0.329981 -0.233699 0.114668 0.981794 0.151431 1.875640 -0.348136 -0.103054 0.931762 -0.047202 0.000000 0.000000 0.000000 1.000000
0.916204 -0.164702 0.365299 -0.230926 0.120373 0.982645 0.141137 1.922621 -0.382204 -0.085338 0.920129 -0.039750 0.000000 0.000000 0.000000 1.000000
0.897356 -0.175113 0.405077 -0.225708 0.132480 0.982459 0.131234 1.970656 -0.420953 -0.064099 0.904815 -0.027952 0.000000 0.000000 0.000000 1.000000
0.875069 -0.190871 0.444772 -0.218592 0.150216 0.980680 0.125309 2.011382 -0.460097 -0.042842 0.886834 -0.012712 0.000000 0.000000 0.000000 1.000000
0.854149 -0.206667 0.477198 -0.205891 0.162762 0.977778 0.132128 2.034715 -0.493900 -0.035187 0.868806 0.005690 0.000000 0.000000 0.000000 1.000000
0.838171 -0.228233 0.495358 -0.192523 0.169333 0.972247 0.161435 2.044390 -0.518456 -0.051430 0.853556 0.026556 0.000000 0.000000 0.000000 1.000000
0.828954 -0.260897 0.494740 -0.184736 0.174429 0.961017 0.214524 2.046583 -0.531422 -0.091533 0.842147 0.050096 0.000000 0.000000 0.000000 1.000000
0.828888 -0.295990 0.474694 -0.180387 0.177780 0.943941 0.278153 2.038883 -0.530414 -0.146167 0.835043 0.074608 0.000000 0.000000 0.000000 1.000000
0.838246 -0.320365 0.441259 -0.174504 0.177623 0.925501 0.334511 2.015858 -0.515552 -0.202024 0.832702 0.096848 0.000000 0.000000 0.000000 1.000000
0.851252 -0.335967 0.403108 -0.169556 0.180897 0.908969 0.375568 1.986322 -0.492591 -0.246782 0.834537 0.113593 0.000000 0.000000 0.000000 1.000000
0.861765 -0.346106 0.370907 -0.163955 0.186275 0.895936 0.403237 1.957775 -0.471871 -0.278405 0.836557 0.125315 0.000000 0.000000 0.000000 1.000000
0.866933 -0.353690 0.351186 -0.156799 0.191144 0.886641 0.421107 1.936137 -0.460317 -0.297944 0.836264 0.133596 0.000000 0.000000 0.000000 1.000000
0.868803 -0.359140 0.340881 -0.149000 0.195780 0.881484 0.429716 1.924928 -0.454809 -0.306601 0.836149 0.139127 0.000000 0.000000 0.000000 1.000000
0.871420 -0.360720 0.332427 -0.141296 0.201808 0.881302 0.427294 1.925449 -0.447102 -0.305266 0.840781 0.142466 0.000000 0.000000 0.000000 1.000000
0.877091 -0.356471 0.321932 -0.133197 0.209040 0.886724 0.412337 1.937455 -0.432451 -0.294360 0.852254 0.143933 0.000000 0.000000 0.000000 1.000000
0.886052 -0.345597 0.308990 -0.124872 0.215638 0.897276 0.385222 1.958564 -0.410381 -0.274697 0.869557 0.142686 0.000000 0.000000 0.000000 1.000000
0.898169 -0.328312 0.292410 -0.116155 0.219824 0.911347 0.348028 1.984608 -0.380749 -0.248309 0.890715 0.139039 0.000000 0.000000 0.000000 1.000000
0.913014 -0.305466 0.270364 -0.107560 0.220639 0.927248 0.302539 2.011171 -0.343110 -0.216570 0.913988 0.133790 0.000000 0.000000 0.000000 1.000000
0.929214 -0.277706 0.243804 -0.099661 0.217056 0.944101 0.248114 2.033527 -0.299078 -0.177632 0.937550 0.126496 0.000000 0.000000 0.000000 1.000000
0.944586 -0.247784 0.215313 -0.091990 0.210418 0.960479 0.182219 2.047646 -0.251955 -0.126816 0.959394 0.115043 0.000000 0.000000 0.000000 1.000000
0.958150 -0.219643 0.183592 -0.083515 0.202242 0.973263 0.108890 2.050092 -0.202600 -0.067203 0.976953 0.097758 0.000000 0.000000 0.000000 1.000000
0.971024 -0.192346 0.141832 -0.075704 0.187171 0.981100 0.049093 2.039071 -0.148594 -0.021124 0.988673 0.076763 0.000000 0.000000 0.000000 1.000000
0.983694 -0.156810 0.088070 -0.072731 0.154594 0.987476 0.031477 2.015147 -0.091903 -0.017348 0.995617 0.057165 0.000000 0.000000 0.000000 1.000000
0.993852 -0.103749 0.038660 -0.077163 0.101025 0.992640 0.066781 1.977963 -0.045304 -0.062464 0.997018 0.042460 0.000000 0.000000 0.000000 1.000000
0.998607 -0.051264 0.012509 -0.080418 0.049622 0.992934 0.107798 1.940836 -0.017947 -0.107027 0.994094 0.030947 0.000000 0.000000 0.000000 1.000000
0.999786 -0.019060 -0.008075 -0.071012 0.019903 0.992340 0.121926 1.921639 0.005689 -0.122061 0.992506 0.024059 0.000000 0.000000 0.000000 1.000000
0.999588 0.004639 -0.028333 -0.056570 -0.001051 0.992114 0.125334 1.908047 0.028691 -0.125252 0.991710 0.018317 0.000000 0.000000 0.000000 1.000000
0.998611 0.021061 -0.048288 -0.038431 -0.015102 0.992586 0.120603 1.899390 0.050470 -0.119706 0.991526 0.013706 0.000000 0.000000 0.000000 1.000000
0.997141 0.033057 -0.067952 -0.017422 -0.025385 0.993516 0.110820 1.894815 0.071174 -0.108778 0.991515 0.010328 0.000000 0.000000 0.000000 1.000000</float_array>
        <technique_common>
          <accessor source="#mixamorig_Hips-Matrix-animation-output-transform-array" count="116" stride="16">
            <param type="float4x4"/>
          </accessor>
        </technique_common>
      </source>
      <source id="mixamorig_Hips-Interpolations">
        <Name_array id="mixamorig_Hips-Interpolations-array" count="116">
 LINEAR LINEAR LINEAR LINEAR LINEAR LINEAR LINEAR LINEAR LINEAR LINEAR LINEAR
LINEAR LINEAR LINEAR LINEAR LINEAR LINEAR LINEAR LINEAR LINEAR LINEAR LINEAR LINEAR
LINEAR LINEAR LINEAR LINEAR LINEAR LINEAR LINEAR LINEAR LINEAR LINEAR LINEAR LINEAR
LINEAR LINEAR LINEAR LINEAR LINEAR LINEAR LINEAR LINEAR LINEAR LINEAR LINEAR LINEAR
LINEAR LINEAR LINEAR LINEAR LINEAR LINEAR LINEAR LINEAR LINEAR LINEAR LINEAR LINEAR
LINEAR LINEAR LINEAR LINEAR LINEAR LINEAR LINEAR LINEAR LINEAR LINEAR LINEAR LINEAR
LINEAR LINEAR LINEAR LINEAR LINEAR LINEAR LINEAR LINEAR LINEAR LINEAR LINEAR LINEAR
LINEAR LINEAR LINEAR LINEAR LINEAR LINEAR LINEAR LINEAR LINEAR LINEAR LINEAR LINEAR
LINEAR LINEAR LINEAR LINEAR LINEAR LINEAR LINEAR LINEAR LINEAR LINEAR LINEAR LINEAR
LINEAR LINEAR LINEAR LINEAR LINEAR LINEAR LINEAR LINEAR LINEAR</Name_array>
        <technique_common>
          <accessor source="#mixamorig_Hips-Interpolations-array" count="116">
            <param type="name"/>
          </accessor>
        </technique_common>
      </source>
      <sampler id="mixamorig_Hips-Matrix-animation-transform">
        <input semantic="INPUT" source="#mixamorig_Hips-Matrix-animation-input"/>
        <input semantic="OUTPUT" source="#mixamorig_Hips-Matrix-animation-output-transform"/>
        <input semantic="INTERPOLATION" source="#mixamorig_Hips-Interpolations"/>
      </sampler>
      <channel source="#mixamorig_Hips-Matrix-animation-transform" target="mixamorig_Hips/matrix"/>
      <source id="mixamorig_Spine-Matrix-animation-input">
        <float_array id="mixamorig_Spine-Matrix-animation-input-array" count="116">

0.000000 0.033333 0.066667 0.100000 0.133333 0.166667 0.200000 0.233333 0.266667 0.300000 0.333333 0.366667 0.400000 0.433333 0.466667 0.500000
0.533333 0.566667 0.600000 0.633333 0.666667 0.700000 0.733333 0.766667 0.800000 0.833333 0.866667 0.900000 0.933333 0.966667 1.000000 1.033333
1.066667 1.100000 1.133333 1.166667 1.200000 1.233333 1.266667 1.300000 1.333333 1.366667 1.400000 1.433333 1.466667 1.500000 1.533333 1.566667
1.600000 1.633333 1.666667 1.700000 1.733333 1.766667 1.800000 1.833333 1.866667 1.900000 1.933333 1.966667 2.000000 2.033333 2.066667 2.100000
2.133333 2.166667 2.200000 2.233333 2.266667 2.300000 2.333333 2.366667 2.400000 2.433333 2.466667 2.500000 2.533333 2.566667 2.600000 2.633333
2.666667 2.700000 2.733333 2.766667 2.800000 2.833333 2.866667 2.900000 2.933333 2.966667 3.000000 3.033333 3.066667 3.100000 3.133333 3.166667
3.200000 3.233333 3.266667 3.300000 3.333333 3.366667 3.400000 3.433333 3.466667 3.500000 3.533333 3.566667 3.600000 3.633333 3.666667 3.700000
3.733333 3.766667 3.800000 3.833333</float_array>
        <technique_common>
          <accessor source="#mixamorig_Spine-Matrix-animation-input-array" count="116">
            <param name="TIME" type="float"/>
          </accessor>
        </technique_common>
      </source>
      <source id="mixamorig_Spine-Matrix-animation-output-transform">
        <float_array id="mixamorig_Spine-Matrix-animation-output-transform-array" count="1856">

0.995528 -0.031929 0.088907 0.000000 0.055588 0.958955 -0.278056 0.168800 -0.076380 0.281755 0.956442 -0.012300 0.000000 0.000000 0.000000 1.000000
0.996142 -0.034972 0.080489 -0.000000 0.053510 0.968995 -0.241218 0.168800 -0.069557 0.244594 0.967127 -0.012300 0.000000 0.000000 0.000000 1.000000
0.996674 -0.035996 0.073117 0.000000 0.050080 0.978305 -0.201024 0.168800 -0.064295 0.204017 0.976854 -0.012300 0.000000 0.000000 0.000000 1.000000
0.997131 -0.034313 0.067469 -0.000000 0.044849 0.985863 -0.161437 0.168800 -0.060976 0.164000 0.984574 -0.012300 0.000000 0.000000 0.000000 1.000000
0.997515 -0.029698 0.063886 -0.000000 0.037564 0.991360 -0.125679 0.168800 -0.059602 0.127767 0.990012 -0.012300 0.000000 0.000000 0.000000 1.000000
0.997787 -0.015461 0.064673 0.000000 0.021405 0.995506 -0.092248 0.168800 -0.062956 0.093428 0.993634 -0.012300 0.000000 0.000000 0.000000 1.000000
0.998240 -0.003264 0.059208 0.000000 0.008270 0.996388 -0.084508 0.168800 -0.058718 0.084849 0.994662 -0.012300 0.000000 0.000000 0.000000 1.000000
0.998740 0.008229 0.049512 0.000000 -0.002976 0.994443 -0.105234 0.168800 -0.050103 0.104954 0.993214 -0.012300 0.000000 0.000000 0.000000 1.000000
0.998771 0.008941 0.048752 0.000000 -0.003657 0.994207 -0.107417 0.168800 -0.049430 0.107106 0.993018 -0.012300 0.000000 0.000000 0.000000 1.000000
0.999163 0.018789 0.036338 0.000000 -0.013311 0.989268 -0.145507 0.168800 -0.038682 0.144901 0.988690 -0.012300 0.000000 0.000000 0.000000 1.000000
0.999420 0.028007 0.019382 0.000000 -0.023831 0.981577 -0.189577 0.168800 -0.024334 0.189005 0.981675 -0.012300 0.000000 0.000000 0.000000 1.000000
0.999400 0.034639 -0.000720 0.000000 -0.033938 0.974552 -0.221576 0.168800 -0.006974 0.221467 0.975143 -0.012300 0.000000 0.000000 0.000000 1.000000
0.999043 0.037993 -0.021662 0.000000 -0.041999 0.971596 -0.232888 0.168800 0.012199 0.233575 0.972262 -0.012300 0.000000 0.000000 0.000000 1.000000
0.998472 0.037905 -0.040208 -0.000000 -0.045973 0.973536 -0.223862 0.168800 0.030659 0.225368 0.973791 -0.012300 0.000000 0.000000 0.000000 1.000000
0.997939 0.034978 -0.053803 0.000000 -0.045144 0.978514 -0.201177 0.168800 0.045610 0.203191 0.978076 -0.012300 0.000000 0.000000 0.000000 1.000000
0.997622 0.030463 -0.061824 0.000000 -0.040806 0.983967 -0.173618 0.168800 0.055544 0.175728 0.982871 -0.012300 0.000000 0.000000 0.000000 1.000000
0.997502 0.025836 -0.065737 0.000000 -0.035406 0.988222 -0.148874 0.168800 0.061116 0.150830 0.986669 -0.012300 0.000000 0.000000 0.000000 1.000000
0.997429 0.022005 -0.068200 0.000000 -0.030902 0.990731 -0.132276 0.168800 0.064657 0.134044 0.988864 -0.012300 0.000000 0.000000 0.000000 1.000000
0.997249 0.018654 -0.071746 -0.000000 -0.027667 0.991548 -0.126757 0.168800 0.068775 0.128393 0.989336 -0.012300 0.000000 0.000000 0.000000 1.000000
0.996899 0.014998 -0.077254 0.000000 -0.025204 0.990812 -0.132880 0.168800 0.074551 0.134415 0.988117 -0.012300 0.000000 0.000000 0.000000 1.000000
0.996483 0.010634 -0.083113 -0.000000 -0.022960 0.988602 -0.148794 0.168800 0.080583 0.150179 0.985369 -0.012300 0.000000 0.000000 0.000000 1.000000
0.996330 0.005978 -0.085381 0.000000 -0.020533 0.985121 -0.170634 0.168800 0.083091 0.171761 0.981628 -0.012300 0.000000 0.000000 0.000000 1.000000
0.996860 0.002221 -0.079155 -0.000000 -0.017567 0.980901 -0.193712 0.168800 0.077213 0.194494 0.977860 -0.012300 0.000000 0.000000 0.000000 1.000000
0.998137 0.000973 -0.061012 0.000000 -0.014042 0.976700 -0.214148 0.168800 0.059383 0.214606 0.974894 -0.012300 0.000000 0.000000 0.000000 1.000000
0.999507 0.003050 -0.031244 0.000000 -0.010165 0.973091 -0.230196 0.168800 0.029702 0.230400 0.972643 -0.012300 0.000000 0.000000 0.000000 1.000000
0.999945 0.008763 0.005766 -0.000000 -0.007104 0.970177 -0.242295 0.168800 -0.007718 0.242240 0.970186 -0.012300 0.000000 0.000000 0.000000 1.000000
0.998940 0.015796 0.043233 0.000000 -0.004416 0.967824 -0.251591 0.168800 -0.045816 0.251133 0.966868 -0.012300 0.000000 0.000000 0.000000 1.000000
0.996938 0.023018 0.074736 -0.000000 -0.002988 0.966214 -0.257724 0.168800 -0.078144 0.256711 0.963324 -0.012300 0.000000 0.000000 0.000000 1.000000
0.994902 0.029456 0.096448 0.000000 -0.003629 0.966229 -0.257661 0.168800 -0.100780 0.255997 0.961410 -0.012300 0.000000 0.000000 0.000000 1.000000
0.993547 0.034375 0.108082 0.000000 -0.006674 0.969034 -0.246836 0.168800 -0.113220 0.244522 0.963011 -0.012300 0.000000 0.000000 0.000000 1.000000
0.992993 0.037898 0.111929 -0.000000 -0.012115 0.974838 -0.222584 0.168800 -0.117548 0.219668 0.968467 -0.012300 0.000000 0.000000 0.000000 1.000000
0.992945 0.039544 0.111790 0.000000 -0.018002 0.982099 -0.187503 0.168800 -0.117203 0.184168 0.975882 -0.012300 0.000000 0.000000 0.000000 1.000000
0.993015 0.041691 0.110380 -0.000000 -0.024686 0.988201 -0.151159 0.168800 -0.115379 0.147378 0.982328 -0.012300 0.000000 0.000000 0.000000 1.000000
0.992921 0.047443 0.108890 0.000000 -0.033437 0.991337 -0.127018 0.168800 -0.113973 0.122478 0.985905 -0.012300 0.000000 0.000000 0.000000 1.000000
0.992497 0.059294 0.106930 -0.000000 -0.045608 0.990959 -0.126175 0.168800 -0.113444 0.120351 0.986228 -0.012300 0.000000 0.000000 0.000000 1.000000
0.991721 0.076345 0.103252 0.000000 -0.060229 0.986687 -0.151069 0.168800 -0.113411 0.143600 0.983116 -0.012300 0.000000 0.000000 0.000000 1.000000
0.990909 0.093866 0.096375 0.000000 -0.073841 0.978296 -0.193608 0.168800 -0.112457 0.184732 0.976334 -0.012300 0.000000 0.000000 0.000000 1.000000
0.990650 0.106484 0.085285 -0.000000 -0.083379 0.967359 -0.239301 0.168800 -0.107983 0.229953 0.967192 -0.012300 0.000000 0.000000 0.000000 1.000000
0.991352 0.110913 0.070137 -0.000000 -0.087714 0.957577 -0.274503 0.168800 -0.097607 0.265977 0.959025 -0.012300 0.000000 0.000000 0.000000 1.000000
0.992850 0.107352 0.052189 0.000000 -0.087648 0.952463 -0.291774 0.168800 -0.081031 0.285114 0.955062 -0.012300 0.000000 0.000000 0.000000 1.000000
0.994522 0.099079 0.033306 0.000000 -0.085227 0.953098 -0.290413 0.168800 -0.060518 0.285984 0.956321 -0.012300 0.000000 0.000000 0.000000 1.000000
0.995742 0.090865 0.015505 0.000000 -0.083190 0.958287 -0.273433 0.168800 -0.039704 0.270979 0.961766 -0.012300 0.000000 0.000000 0.000000 1.000000
0.996235 0.086691 0.000492 -0.000000 -0.083947 0.966080 -0.244219 0.168800 -0.021647 0.243258 0.969720 -0.012300 0.000000 0.000000 0.000000 1.000000
0.996052 0.088124 -0.010712 -0.000000 -0.088443 0.974716 -0.205198 0.168800 -0.007642 0.205335 0.978662 -0.012300 0.000000 0.000000 0.000000 1.000000
0.995428 0.093811 -0.017988 0.000000 -0.095479 0.982694 -0.158734 0.168800 0.002785 0.159725 0.987158 -0.012300 0.000000 0.000000 0.000000 1.000000
0.994797 0.099403 -0.022307 -0.000000 -0.101254 0.988879 -0.108927 0.168800 0.011231 0.110619 0.993799 -0.012300 0.000000 0.000000 0.000000 1.000000
0.994675 0.099934 -0.025181 -0.000000 -0.101337 0.992885 -0.062537 0.168800 0.018752 0.064755 0.997725 -0.012300 0.000000 0.000000 0.000000 1.000000
0.995367 0.091937 -0.028131 0.000000 -0.092720 0.995300 -0.027940 0.168800 0.025430 0.030419 0.999214 -0.012300 0.000000 0.000000 0.000000 1.000000
0.996689 0.074765 -0.031970 -0.000000 -0.075194 0.997091 -0.012435 0.168800 0.030947 0.014797 0.999411 -0.012300 0.000000 0.000000 0.000000 1.000000
0.998039 0.050986 -0.036306 -0.000000 -0.051713 0.998474 -0.019380 0.168800 0.035263 0.021220 0.999153 -0.012300 0.000000 0.000000 0.000000 1.000000
0.998887 0.025302 -0.039802 0.000000 -0.027151 0.998543 -0.046632 0.168800 0.038564 0.047661 0.998119 -0.012300 0.000000 0.000000 0.000000 1.000000
0.999143 0.002442 -0.041313 0.000000 -0.006030 0.996194 -0.086957 0.168800 0.040943 0.087131 0.995355 -0.012300 0.000000 0.000000 0.000000 1.000000
0.999054 -0.013873 -0.041220 -0.000000 0.008389 0.991432 -0.130352 0.168800 0.042675 0.129883 0.990611 -0.012300 0.000000 0.000000 0.000000 1.000000
0.998846 -0.024603 -0.041236 -0.000000 0.017370 0.985739 -0.167384 0.168800 0.044766 0.166475 0.985029 -0.012300 0.000000 0.000000 0.000000 1.000000
0.998497 -0.033296 -0.043529 0.000000 0.024366 0.981169 -0.191608 0.168800 0.049089 0.190259 0.980506 -0.012300 0.000000 0.000000 0.000000 1.000000
0.997889 -0.040062 -0.051116 0.000000 0.029073 0.979364 -0.200001 0.168800 0.058074 0.198093 0.978461 -0.012300 0.000000 0.000000 0.000000 1.000000
0.996732 -0.049090 -0.064154 0.000000 0.035902 0.980627 -0.192565 0.168800 0.072364 0.189632 0.979185 -0.012300 0.000000 0.000000 0.000000 1.000000
0.994854 -0.059442 -0.082055 0.000000 0.044720 0.984285 -0.170832 0.168800 0.090921 0.166284 0.981877 -0.012300 0.000000 0.000000 0.000000 1.000000
0.992315 -0.069909 -0.102100 -0.000000 0.055489 0.988903 -0.137814 0.168800 0.110601 0.131090 0.985182 -0.012300 0.000000 0.000000 0.000000 1.000000
0.989563 -0.079302 -0.120317 0.000000 0.067619 0.992860 -0.098266 0.168800 0.127250 0.089105 0.987860 -0.012300 0.000000 0.000000 0.000000 1.000000
0.987370 -0.086156 -0.132953 0.000000 0.078941 0.995154 -0.058625 0.168800 0.137360 0.047389 0.989387 -0.012300 0.000000 0.000000 0.000000 1.000000
0.986389 -0.089989 -0.137617 -0.000000 0.087179 0.995845 -0.026320 0.168800 0.139414 0.013965 0.990136 -0.012300 0.000000 0.000000 0.000000 1.000000
0.986766 -0.091356 -0.133968 0.000000 0.091092 0.995809 -0.008114 0.168800 0.134148 -0.004197 0.990952 -0.012300 0.000000 0.000000 0.000000 1.000000
0.988308 -0.089324 -0.123569 0.000000 0.089038 0.995997 -0.007846 0.168800 0.123775 -0.003248 0.992305 -0.012300 0.000000 0.000000 0.000000 1.000000
0.990466 -0.084761 -0.108594 -0.000000 0.082493 0.996273 -0.025219 0.168800 0.110327 0.016020 0.993766 -0.012300 0.000000 0.000000 0.000000 1.000000
0.992732 -0.078735 -0.091011 0.000000 0.073924 0.995742 -0.055079 0.168800 0.094960 0.047951 0.994326 -0.012300 0.000000 0.000000 0.000000 1.000000
0.994675 -0.073651 -0.072085 0.000000 0.067146 0.993780 -0.088838 0.168800 0.078180 0.083524 0.993434 -0.012300 0.000000 0.000000 0.000000 1.000000
0.995969 -0.072664 -0.052592 0.000000 0.066102 0.990898 -0.117267 0.168800 0.060634 0.113318 0.991707 -0.012300 0.000000 0.000000 0.000000 1.000000
0.996408 -0.077872 -0.033277 0.000000 0.072784 0.988369 -0.133527 0.168800 0.043288 0.130625 0.990486 -0.012300 0.000000 0.000000 0.000000 1.000000
0.995834 -0.089897 -0.015282 0.000000 0.087030 0.987020 -0.134969 0.168800 0.027217 0.133076 0.990732 -0.012300 0.000000 0.000000 0.000000 1.000000
0.994223 -0.107331 0.000221 -0.000000 0.106544 0.986687 -0.122868 0.168800 0.012970 0.122182 0.992423 -0.012300 0.000000 0.000000 0.000000 1.000000
0.991735 -0.127667 0.012770 0.000000 0.128304 0.986603 -0.100764 0.168800 0.000265 0.101570 0.994828 -0.012300 0.000000 0.000000 0.000000 1.000000
0.988630 -0.148567 0.023187 0.000000 0.149881 0.986029 -0.072688 0.168800 -0.012064 0.075337 0.997085 -0.012300 0.000000 0.000000 0.000000 1.000000
0.985171 -0.168308 0.033340 0.000000 0.169645 0.984592 -0.042423 0.168800 -0.025687 0.047450 0.998543 -0.012300 0.000000 0.000000 0.000000 1.000000
0.981644 -0.185349 0.044942 0.000000 0.186132 0.982427 -0.013886 0.168800 -0.041579 0.021996 0.998893 -0.012300 0.000000 0.000000 0.000000 1.000000
0.978543 -0.197700 0.058044 0.000000 0.197559 0.980257 0.008213 0.168800 -0.058522 0.003430 0.998280 -0.012300 0.000000 0.000000 0.000000 1.000000
0.976526 -0.203681 0.070081 0.000000 0.202882 0.979030 0.018417 0.168800 -0.072363 -0.003767 0.997371 -0.012300 0.000000 0.000000 0.000000 1.000000
0.976251 -0.202653 0.076595 0.000000 0.202365 0.979242 0.011588 0.168800 -0.077353 0.004188 0.996995 -0.012300 0.000000 0.000000 0.000000 1.000000
0.977914 -0.195852 0.072980 0.000000 0.197447 0.980195 -0.015240 0.168800 -0.068550 0.029313 0.997217 -0.012300 0.000000 0.000000 0.000000 1.000000
0.980885 -0.186277 0.056265 0.000000 0.189599 0.979967 -0.060961 0.168800 -0.043782 0.070463 0.996553 -0.012300 0.000000 0.000000 0.000000 1.000000
0.983733 -0.177725 0.026159 0.000000 0.179588 0.976449 -0.119561 0.168800 -0.004294 0.122314 0.992482 -0.012300 0.000000 0.000000 0.000000 1.000000
0.984733 -0.173446 -0.014728 0.000000 0.167952 0.968950 -0.181462 0.168800 0.045744 0.176219 0.983288 -0.012300 0.000000 0.000000 0.000000 1.000000
0.982692 -0.174757 -0.061454 -0.000000 0.155729 0.958985 -0.236846 0.168800 0.100323 0.223176 0.969602 -0.012300 0.000000 0.000000 0.000000 1.000000
0.977652 -0.180383 -0.107979 0.000000 0.144377 0.949423 -0.278838 0.168800 0.152815 0.257016 0.954249 -0.012300 0.000000 0.000000 0.000000 1.000000
0.971018 -0.187202 -0.148594 0.000000 0.135209 0.942915 -0.304353 0.168800 0.197087 0.275440 0.940898 -0.012300 0.000000 0.000000 0.000000 1.000000
0.965065 -0.191031 -0.179324 -0.000000 0.128253 0.941232 -0.312464 0.168800 0.228476 0.278549 0.932850 -0.012300 0.000000 0.000000 0.000000 1.000000
0.961703 -0.189094 -0.198420 -0.000000 0.123419 0.945121 -0.302513 0.168800 0.244734 0.266439 0.932264 -0.012300 0.000000 0.000000 0.000000 1.000000
0.961819 -0.179354 -0.206727 0.000000 0.119200 0.954460 -0.273491 0.168800 0.246364 0.238407 0.939397 -0.012300 0.000000 0.000000 0.000000 1.000000
0.965041 -0.160747 -0.207015 -0.000000 0.112685 0.967583 -0.226021 0.168800 0.236637 0.194792 0.951871 -0.012300 0.000000 0.000000 0.000000 1.000000
0.969964 -0.135336 -0.202124 -0.000000 0.102286 0.980827 -0.165877 0.168800 0.220698 0.140220 0.965210 -0.012300 0.000000 0.000000 0.000000 1.000000
0.975111 -0.107230 -0.194063 -0.000000 0.088014 0.990560 -0.105092 0.168800 0.203500 0.085396 0.975344 -0.012300 0.000000 0.000000 0.000000 1.000000
0.979186 -0.087722 -0.183027 0.000000 0.077918 0.995146 -0.060103 0.168800 0.187411 0.044591 0.981269 -0.012300 0.000000 0.000000 0.000000 1.000000
0.982575 -0.075599 -0.169798 -0.000000 0.069408 0.996699 -0.042116 0.168800 0.172422 0.029597 0.984578 -0.012300 0.000000 0.000000 0.000000 1.000000
0.985972 -0.065084 -0.153698 0.000000 0.057446 0.996907 -0.053626 0.168800 0.156713 0.044045 0.986662 -0.012300 0.000000 0.000000 0.000000 1.000000
0.989360 -0.058700 -0.133118 -0.000000 0.047085 0.994937 -0.088789 0.168800 0.137656 0.081576 0.987115 -0.012300 0.000000 0.000000 0.000000 1.000000
0.992149 -0.061165 -0.109081 0.000000 0.046211 0.989808 -0.134703 0.168800 0.116208 0.128605 0.984864 -0.012300 0.000000 0.000000 0.000000 1.000000
0.994433 -0.064790 -0.083100 -0.000000 0.049390 0.983230 -0.175556 0.168800 0.093081 0.170475 0.980956 -0.012300 0.000000 0.000000 0.000000 1.000000
0.996069 -0.067426 -0.057452 0.000000 0.054641 0.978142 -0.200628 0.168800 0.069724 0.196700 0.977981 -0.012300 0.000000 0.000000 0.000000 1.000000
0.996961 -0.069737 -0.034720 0.000000 0.061133 0.976603 -0.206177 0.168800 0.048286 0.203428 0.977899 -0.012300 0.000000 0.000000 0.000000 1.000000
0.997151 -0.073517 -0.016903 0.000000 0.068845 0.978486 -0.194487 0.168800 0.030837 0.192769 0.980759 -0.012300 0.000000 0.000000 0.000000 1.000000
0.996743 -0.080491 -0.004924 0.000000 0.078461 0.982092 -0.171287 0.168800 0.018623 0.170342 0.985209 -0.012300 0.000000 0.000000 0.000000 1.000000
0.995846 -0.091044 0.001615 0.000000 0.090340 0.985619 -0.142805 0.168800 0.011410 0.142357 0.989750 -0.012300 0.000000 0.000000 0.000000 1.000000
0.994627 -0.103425 0.004465 0.000000 0.103262 0.988150 -0.113560 0.168800 0.007333 0.113411 0.993521 -0.012300 0.000000 0.000000 0.000000 1.000000
0.993459 -0.114010 0.006451 0.000000 0.114143 0.989766 -0.085639 0.168800 0.003378 0.085815 0.996305 -0.012300 0.000000 0.000000 0.000000 1.000000
0.992991 -0.117678 0.010945 -0.000000 0.118125 0.991196 -0.059801 0.168800 -0.003811 0.060674 0.998150 -0.012300 0.000000 0.000000 0.000000 1.000000
0.993575 -0.111276 0.020665 0.000000 0.111999 0.992985 -0.037897 0.168800 -0.016304 0.039968 0.999068 -0.012300 0.000000 0.000000 0.000000 1.000000
0.994805 -0.094911 0.036803 -0.000000 0.095872 0.995072 -0.025285 0.168800 -0.034222 0.028682 0.999003 -0.012300 0.000000 0.000000 0.000000 1.000000
0.995670 -0.072507 0.058166 -0.000000 0.074396 0.996747 -0.031003 0.168800 -0.055729 0.035196 0.997825 -0.012300 0.000000 0.000000 0.000000 1.000000
0.995440 -0.050106 0.081167 0.000000 0.055394 0.996394 -0.064268 0.168800 -0.077654 0.068471 0.994626 -0.012300 0.000000 0.000000 0.000000 1.000000
0.994351 -0.032878 0.100922 0.000000 0.045792 0.990660 -0.128436 0.168800 -0.095757 0.132332 0.986569 -0.012300 0.000000 0.000000 0.000000 1.000000
0.993308 -0.023352 0.113108 -0.000000 0.048112 0.973990 -0.221424 0.168800 -0.104995 0.225384 0.968596 -0.012300 0.000000 0.000000 0.000000 1.000000
0.993108 -0.020601 0.115374 0.000000 0.054953 0.951356 -0.303153 0.168800 -0.103516 0.307404 0.945932 -0.012300 0.000000 0.000000 0.000000 1.000000
0.993531 -0.021531 0.111498 0.000000 0.057063 0.943553 -0.326270 0.168800 -0.098180 0.330522 0.938678 -0.012300 0.000000 0.000000 0.000000 1.000000
0.994139 -0.024256 0.105355 0.000000 0.057563 0.943646 -0.325911 0.168800 -0.091513 0.330065 0.939512 -0.012300 0.000000 0.000000 0.000000 1.000000
0.994846 -0.027899 0.097479 -0.000000 0.056787 0.949781 -0.307720 0.168800 -0.083999 0.311669 0.946470 -0.012300 0.000000 0.000000 0.000000 1.000000
0.995528 -0.031929 0.088907 0.000000 0.055588 0.958955 -0.278056 0.168800 -0.076380 0.281755 0.956442 -0.012300 0.000000 0.000000 0.000000 1.000000</float_array>
        <technique_common>
