<?xml version="1.0" encoding="utf-8"?>
<COLLADA xmlns="http://www.collada.org/2005/11/COLLADASchema" version="1.4.1">
  <asset>
    <contributor>
      <author>Mixamo</author>
      <authoring_tool>COLLADA Mixamo exporter</authoring_tool>
      <comments/>
    </contributor>
    <created>2018-01-05T21:03:22Z</created>
    <modified>2018-01-05T21:03:22Z</modified>
    <revision/>
    <title/>
    <unit meter="0.010000"/>
    <up_axis>Y_UP</up_axis>
  </asset>
  <library_animations>
    <animation>
      <source id="mixamorig_Hips-Matrix-animation-input">
        <float_array id="mixamorig_Hips-Matrix-animation-input-array" count="121">

0.000000 0.033333 0.066667 0.100000 0.133333 0.166667 0.200000 0.233333 0.266667 0.300000 0.333333 0.366667 0.400000 0.433333 0.466667 0.500000
0.533333 0.566667 0.600000 0.633333 0.666667 0.700000 0.733333 0.766667 0.800000 0.833333 0.866667 0.900000 0.933333 0.966667 1.000000 1.033333
1.066667 1.100000 1.133333 1.166667 1.200000 1.233333 1.266667 1.300000 1.333333 1.366667 1.400000 1.433333 1.466667 1.500000 1.533333 1.566667
1.600000 1.633333 1.666667 1.700000 1.733333 1.766667 1.800000 1.833333 1.866667 1.900000 1.933333 1.966667 2.000000 2.033333 2.066667 2.100000
2.133333 2.166667 2.200000 2.233333 2.266667 2.300000 2.333333 2.366667 2.400000 2.433333 2.466667 2.500000 2.533333 2.566667 2.600000 2.633333
2.666667 2.700000 2.733333 2.766667 2.800000 2.833333 2.866667 2.900000 2.933333 2.966667 3.000000 3.033333 3.066667 3.100000 3.133333 3.166667
3.200000 3.233333 3.266667 3.300000 3.333333 3.366667 3.400000 3.433333 3.466667 3.500000 3.533333 3.566667 3.600000 3.633333 3.666667 3.700000
3.733333 3.766667 3.800000 3.833333 3.866667 3.900000 3.933333 3.966667 4.000000</float_array>
        <technique_common>
          <accessor source="#mixamorig_Hips-Matrix-animation-input-array" count="121">
            <param name="TIME" type="float"/>
          </accessor>
        </technique_common>
      </source>
      <source id="mixamorig_Hips-Matrix-animation-output-transform">
        <float_array id="mixamorig_Hips-Matrix-animation-output-transform-array" count="1936">

0.999972 0.003642 0.006605 -0.000969 -0.003329 0.998894 -0.046891 2.179305 -0.006768 0.046868 0.998878 -0.010653 0.000000 0.000000 0.000000 1.000000
0.999997 -0.001243 -0.002291 -0.001545 0.001116 0.998498 -0.054770 2.172572 0.002356 0.054767 0.998496 -0.009856 0.000000 0.000000 0.000000 1.000000
0.999449 -0.005839 -0.032676 -0.004793 0.003727 0.997921 -0.064347 2.164076 0.032983 0.064189 0.997393 -0.010773 0.000000 0.000000 0.000000 1.000000
0.995917 -0.008292 -0.089892 -0.010802 0.001611 0.997247 -0.074137 2.153946 0.090259 0.073690 0.993188 -0.014035 0.000000 0.000000 0.000000 1.000000
0.984551 -0.008372 -0.174899 -0.018424 -0.006322 0.996505 -0.083288 2.142621 0.174985 0.083107 0.981057 -0.018784 0.000000 0.000000 0.000000 1.000000
0.956680 -0.008231 -0.291025 -0.026031 -0.018588 0.995834 -0.089269 2.129773 0.290548 0.090811 0.952541 -0.021459 0.000000 0.000000 0.000000 1.000000
0.895025 -0.010078 -0.445902 -0.033221 -0.031348 0.995851 -0.085429 2.116186 0.444913 0.090439 0.890996 -0.016688 0.000000 0.000000 0.000000 1.000000
0.770405 -0.010082 -0.637476 -0.041378 -0.040772 0.997049 -0.065042 2.103751 0.636250 0.076100 0.767720 -0.001467 0.000000 0.000000 0.000000 1.000000
0.538341 -0.003159 -0.842721 -0.052157 -0.040701 0.998729 -0.029744 2.091631 0.841743 0.050312 0.537528 0.027303 0.000000 0.000000 0.000000 1.000000
0.086647 0.007683 -0.996209 -0.077162 -0.020482 0.999773 0.005929 2.080400 0.996028 0.019891 0.086785 0.088593 0.000000 0.000000 0.000000 1.000000
-0.518820 0.029626 -0.854370 -0.137709 0.010652 0.999546 0.028191 2.066026 0.854817 0.005525 -0.518900 0.167013 0.000000 0.000000 0.000000 1.000000
-0.962016 0.045513 -0.269171 -0.252361 0.039728 0.998848 0.026904 2.053110 0.270086 0.015189 -0.962716 0.224651 0.000000 0.000000 0.000000 1.000000
-0.836220 0.050405 0.546073 -0.405443 0.060650 0.998159 0.000741 2.046939 -0.545030 0.033738 -0.837737 0.205892 0.000000 0.000000 0.000000 1.000000
-0.065189 0.041001 0.997030 -0.528528 0.066479 0.997114 -0.036658 2.045807 -0.995656 0.063892 -0.067726 0.078476 0.000000 0.000000 0.000000 1.000000
0.792850 -0.004293 0.609401 -0.530492 0.058929 0.995829 -0.069653 2.046498 -0.606561 0.091135 0.789796 -0.120454 0.000000 0.000000 0.000000 1.000000
0.931111 -0.074284 -0.357092 -0.370030 0.043530 0.994675 -0.093415 2.049878 0.362130 0.071435 0.929386 -0.269621 0.000000 0.000000 0.000000 1.000000
0.142953 -0.113691 -0.983178 -0.138774 0.021826 0.993501 -0.111711 2.056364 0.989489 -0.005489 0.144505 -0.236811 0.000000 0.000000 0.000000 1.000000
-0.807280 -0.079804 -0.584748 -0.023371 -0.007041 0.992047 -0.125669 2.063883 0.590126 -0.097333 -0.801422 -0.026168 0.000000 0.000000 0.000000 1.000000
-0.890227 0.027504 0.454686 -0.127883 -0.037260 0.990434 -0.132862 2.074184 -0.453990 -0.135219 -0.880686 0.187859 0.000000 0.000000 0.000000 1.000000
0.007477 0.131171 0.991332 -0.353322 -0.063068 0.989447 -0.130446 2.089133 -0.997981 -0.061546 0.015671 0.220857 0.000000 0.000000 0.000000 1.000000
0.887074 0.125490 0.444243 -0.493919 -0.080319 0.989620 -0.119166 2.107028 -0.454586 0.070027 0.887946 0.065934 0.000000 0.000000 0.000000 1.000000
0.832452 0.014957 -0.553895 -0.451140 -0.086749 0.990827 -0.103620 2.125347 0.547264 0.134308 0.826113 -0.110721 0.000000 0.000000 0.000000 1.000000
-0.016833 -0.090533 -0.995751 -0.314838 -0.082930 0.992587 -0.088844 2.143019 0.996413 0.081082 -0.024216 -0.165084 0.000000 0.000000 0.000000 1.000000
-0.817980 -0.102731 -0.566000 -0.221454 -0.072059 0.994473 -0.076361 2.159355 0.570716 -0.021677 -0.820861 -0.110582 0.000000 0.000000 0.000000 1.000000
-0.963144 -0.038072 0.266279 -0.207969 -0.057251 0.996266 -0.064633 2.174110 -0.262824 -0.077495 -0.961727 -0.039641 0.000000 0.000000 0.000000 1.000000
-0.482206 0.024311 0.875720 -0.234313 -0.042519 0.997787 -0.051112 2.183984 -0.875025 -0.061882 -0.480106 -0.005657 0.000000 0.000000 0.000000 1.000000
0.211078 0.038749 0.976701 -0.256173 -0.032673 0.998935 -0.032570 2.182308 -0.976923 -0.025037 0.212119 -0.007032 0.000000 0.000000 0.000000 1.000000
0.739877 0.024211 0.672306 -0.253547 -0.024479 0.999659 -0.009059 2.162981 -0.672296 -0.009755 0.740218 -0.022497 0.000000 0.000000 0.000000 1.000000
0.974279 0.008727 0.225178 -0.229620 -0.011922 0.999847 0.012829 2.122114 -0.225032 -0.015184 0.974233 -0.034276 0.000000 0.000000 0.000000 1.000000
0.988709 -0.009988 -0.149518 -0.200243 0.013440 0.999665 0.022098 2.075914 0.149247 -0.023858 0.988512 -0.041583 0.000000 0.000000 0.000000 1.000000
0.939634 -0.027517 -0.341073 -0.173699 0.038241 0.998962 0.024759 2.034434 0.340037 -0.036308 0.939711 -0.054341 0.000000 0.000000 0.000000 1.000000
0.922767 -0.032814 -0.383958 -0.154646 0.051519 0.997928 0.038531 2.012745 0.381899 -0.055336 0.922546 -0.066273 0.000000 0.000000 0.000000 1.000000
0.937383 -0.028970 -0.347094 -0.139785 0.056752 0.995921 0.070144 2.020442 0.343646 -0.085450 0.935204 -0.063516 0.000000 0.000000 0.000000 1.000000
0.966000 -0.034307 -0.256255 -0.126229 0.062626 0.992689 0.103179 2.048821 0.250842 -0.115719 0.961087 -0.049888 0.000000 0.000000 0.000000 1.000000
0.986653 -0.053153 -0.153917 -0.112651 0.072500 0.989761 0.122948 2.078932 0.145806 -0.132466 0.980405 -0.036431 0.000000 0.000000 0.000000 1.000000
0.994671 -0.072674 -0.073127 -0.100396 0.081827 0.987979 0.131157 2.098838 0.062716 -0.136442 0.988661 -0.032157 0.000000 0.000000 0.000000 1.000000
0.996365 -0.082613 -0.020801 -0.091903 0.084648 0.987583 0.132344 2.108281 0.009610 -0.133623 0.990986 -0.039174 0.000000 0.000000 0.000000 1.000000
0.996613 -0.081394 0.011690 -0.087948 0.079264 0.988751 0.126841 2.112144 -0.021882 -0.125485 0.991854 -0.054518 0.000000 0.000000 0.000000 1.000000
0.996926 -0.072974 0.028532 -0.087294 0.069226 0.990890 0.115522 2.115474 -0.036703 -0.113192 0.992895 -0.073188 0.000000 0.000000 0.000000 1.000000
0.997853 -0.061094 0.023590 -0.088435 0.058437 0.993229 0.100401 2.121285 -0.029564 -0.098807 0.994667 -0.091135 0.000000 0.000000 0.000000 1.000000
0.998798 -0.048198 -0.008869 -0.090512 0.048760 0.995501 0.081237 2.130897 0.004914 -0.081572 0.996655 -0.107030 0.000000 0.000000 0.000000 1.000000
0.997319 -0.037972 -0.062548 -0.092383 0.041539 0.997524 0.056755 2.142968 0.060238 -0.059201 0.996427 -0.121380 0.000000 0.000000 0.000000 1.000000
0.992043 -0.033957 -0.121230 -0.092816 0.037592 0.998906 0.027822 2.155741 0.120152 -0.032158 0.992234 -0.134602 0.000000 0.000000 0.000000 1.000000
0.984497 -0.035145 -0.171842 -0.091647 0.035304 0.999374 -0.002133 2.167512 0.171810 -0.003967 0.985122 -0.146443 0.000000 0.000000 0.000000 1.000000
0.976598 -0.037341 -0.211806 -0.089922 0.031628 0.999040 -0.030300 2.176822 0.212734 0.022892 0.976842 -0.156296 0.000000 0.000000 0.000000 1.000000
0.968962 -0.038357 -0.244216 -0.088446 0.025440 0.998116 -0.055829 2.183647 0.245897 0.047883 0.968112 -0.163704 0.000000 0.000000 0.000000 1.000000
0.962012 -0.038582 -0.270268 -0.086955 0.017815 0.996726 -0.078872 2.188519 0.272426 0.071061 0.959549 -0.168719 0.000000 0.000000 0.000000 1.000000
0.956793 -0.039955 -0.288011 -0.085138 0.011591 0.994968 -0.099521 2.191862 0.290538 0.091883 0.952442 -0.171839 0.000000 0.000000 0.000000 1.000000
0.954279 -0.042600 -0.295865 -0.083075 0.007883 0.993035 -0.117557 2.193627 0.298812 0.109850 0.947968 -0.173611 0.000000 0.000000 0.000000 1.000000
0.954514 -0.044748 -0.294790 -0.081132 0.005507 0.991151 -0.132624 2.194368 0.298116 0.124968 0.946314 -0.174200 0.000000 0.000000 0.000000 1.000000
0.956849 -0.044731 -0.287122 -0.079201 0.003072 0.989583 -0.143932 2.194787 0.290569 0.136839 0.947019 -0.173572 0.000000 0.000000 0.000000 1.000000
0.960618 -0.042604 -0.274586 -0.077021 0.000867 0.988631 -0.150363 2.194639 0.277870 0.144203 0.949733 -0.171786 0.000000 0.000000 0.000000 1.000000
0.965295 -0.038836 -0.258257 -0.074328 -0.000749 0.988466 -0.151444 2.193868 0.261159 0.146382 0.954132 -0.169055 0.000000 0.000000 0.000000 1.000000
0.970403 -0.033928 -0.239096 -0.071008 -0.001789 0.989044 -0.147607 2.192449 0.241484 0.143666 0.959711 -0.165437 0.000000 0.000000 0.000000 1.000000
0.975448 -0.027676 -0.218482 -0.067096 -0.003180 0.990199 -0.139631 2.191160 0.220205 0.136897 0.965800 -0.160844 0.000000 0.000000 0.000000 1.000000
0.979906 -0.020012 -0.198455 -0.062729 -0.005740 0.991713 -0.128347 2.190054 0.199378 0.126907 0.971670 -0.155346 0.000000 0.000000 0.000000 1.000000
0.983368 -0.011645 -0.181250 -0.058010 -0.009389 0.993349 -0.114761 2.189190 0.181381 0.114554 0.976718 -0.149181 0.000000 0.000000 0.000000 1.000000
0.985782 -0.003441 -0.167992 -0.052956 -0.013559 0.994901 -0.099943 2.189165 0.167480 0.100800 0.980709 -0.142478 0.000000 0.000000 0.000000 1.000000
0.987439 0.004331 -0.157942 -0.047572 -0.017911 0.996249 -0.084664 2.190161 0.156983 0.086429 0.983812 -0.135312 0.000000 0.000000 0.000000 1.000000
0.988682 0.011747 -0.149567 -0.041990 -0.022324 0.997351 -0.069234 2.191295 0.148357 0.071789 0.986325 -0.128017 0.000000 0.000000 0.000000 1.000000
0.989732 0.018740 -0.141703 -0.036456 -0.026567 0.998212 -0.053549 2.191468 0.140446 0.056764 0.988460 -0.120976 0.000000 0.000000 0.000000 1.000000
0.990768 0.024789 -0.133285 -0.031210 -0.030009 0.998853 -0.037300 2.190307 0.132208 0.040956 0.990376 -0.114065 0.000000 0.000000 0.000000 1.000000
0.991951 0.029312 -0.123187 -0.026486 -0.032064 0.999277 -0.020416 2.188474 0.122499 0.024201 0.992174 -0.106726 0.000000 0.000000 0.000000 1.000000
0.993292 0.031622 -0.111228 -0.022692 -0.032202 0.999476 -0.003422 2.187203 0.111061 0.006981 0.993789 -0.098696 0.000000 0.000000 0.000000 1.000000
0.994647 0.031728 -0.098343 -0.020226 -0.030619 0.999450 0.012769 2.186395 0.098694 -0.009690 0.995071 -0.090258 0.000000 0.000000 0.000000 1.000000
0.995878 0.029871 -0.085642 -0.019115 -0.027614 0.999242 0.027427 2.185918 0.086397 -0.024949 0.995948 -0.081772 0.000000 0.000000 0.000000 1.000000
0.996915 0.025945 -0.074076 -0.019053 -0.023013 0.998928 0.040164 2.185439 0.075039 -0.038335 0.996443 -0.073518 0.000000 0.000000 0.000000 1.000000
0.997728 0.019974 -0.064348 -0.019805 -0.016727 0.998579 0.050603 2.184400 0.065267 -0.049412 0.996644 -0.065838 0.000000 0.000000 0.000000 1.000000
0.998314 0.013532 -0.056437 -0.021340 -0.010231 0.998243 0.058365 2.183162 0.057128 -0.057690 0.996699 -0.059041 0.000000 0.000000 0.000000 1.000000
0.998731 0.007842 -0.049743 -0.023887 -0.004656 0.997949 0.063842 2.181690 0.050142 -0.063530 0.996720 -0.053177 0.000000 0.000000 0.000000 1.000000
0.999042 0.003244 -0.043641 -0.027583 -0.000271 0.997687 0.067970 2.180304 0.043760 -0.067893 0.996732 -0.047995 0.000000 0.000000 0.000000 1.000000
0.999278 -0.000779 -0.037997 -0.032259 0.003474 0.997476 0.070923 2.179266 0.037846 -0.071004 0.996758 -0.043390 0.000000 0.000000 0.000000 1.000000
0.999440 -0.004524 -0.033148 -0.037542 0.006909 0.997367 0.072186 2.178455 0.032734 -0.072375 0.996840 -0.039559 0.000000 0.000000 0.000000 1.000000
0.999537 -0.007421 -0.029511 -0.042801 0.009511 0.997408 0.071322 2.177651 0.028905 -0.071570 0.997017 -0.036772 0.000000 0.000000 0.000000 1.000000
0.999582 -0.008840 -0.027538 -0.047247 0.010703 0.997609 0.068277 2.176800 0.026869 -0.068543 0.997286 -0.035240 0.000000 0.000000 0.000000 1.000000
0.999569 -0.008915 -0.027968 -0.050341 0.010667 0.997949 0.063126 2.176036 0.027348 -0.063397 0.997614 -0.035252 0.000000 0.000000 0.000000 1.000000
0.999464 -0.008190 -0.031711 -0.052013 0.009949 0.998396 0.055735 2.175560 0.031203 -0.056021 0.997942 -0.037253 0.000000 0.000000 0.000000 1.000000
0.999194 -0.007038 -0.039515 -0.052439 0.008857 0.998900 0.046044 2.175479 0.039148 -0.046357 0.998158 -0.041475 0.000000 0.000000 0.000000 1.000000
0.998626 -0.006171 -0.052039 -0.051630 0.007997 0.999357 0.034962 2.175575 0.051790 -0.035330 0.998033 -0.047197 0.000000 0.000000 0.000000 1.000000
0.997556 -0.007085 -0.069505 -0.049428 0.008815 0.999658 0.024619 2.175855 0.069307 -0.025172 0.997278 -0.052620 0.000000 0.000000 0.000000 1.000000
0.995889 -0.009979 -0.090028 -0.046130 0.011563 0.999787 0.017095 2.176323 0.089838 -0.018066 0.995793 -0.056004 0.000000 0.000000 0.000000 1.000000
0.994107 -0.011548 -0.107785 -0.043183 0.012992 0.999835 0.012708 2.176883 0.107621 -0.014034 0.994093 -0.057004 0.000000 0.000000 0.000000 1.000000
0.993407 -0.007050 -0.114425 -0.042355 0.008200 0.999920 0.009585 2.177393 0.114348 -0.010460 0.993386 -0.056553 0.000000 0.000000 0.000000 1.000000
0.994336 0.004319 -0.106196 -0.043483 -0.003752 0.999978 0.005539 2.177916 0.106217 -0.005109 0.994330 -0.055442 0.000000 0.000000 0.000000 1.000000
0.995699 0.016416 -0.091186 -0.044163 -0.016394 0.999865 0.000985 2.178481 0.091190 0.000514 0.995833 -0.053410 0.000000 0.000000 0.000000 1.000000
0.996214 0.020655 -0.084443 -0.042566 -0.020832 0.999782 -0.001217 2.179040 0.084399 0.002972 0.996428 -0.050765 0.000000 0.000000 0.000000 1.000000
0.995601 0.013641 -0.092696 -0.038873 -0.013627 0.999907 0.000788 2.179429 0.092698 0.000478 0.995694 -0.048273 0.000000 0.000000 0.000000 1.000000
0.994340 0.000602 -0.106242 -0.034444 0.000045 0.999981 0.006092 2.179503 0.106244 -0.006062 0.994322 -0.046355 0.000000 0.000000 0.000000 1.000000
0.994042 -0.009264 -0.108605 -0.030810 0.010587 0.999877 0.011614 2.179534 0.108484 -0.012695 0.994017 -0.044959 0.000000 0.000000 0.000000 1.000000
0.995586 -0.012050 -0.093074 -0.028792 0.013475 0.999801 0.014698 2.179248 0.092878 -0.015887 0.995551 -0.044053 0.000000 0.000000 0.000000 1.000000
0.997653 -0.010367 -0.067689 -0.027953 0.011456 0.999811 0.015723 2.178709 0.067513 -0.016461 0.997583 -0.043339 0.000000 0.000000 0.000000 1.000000
0.998917 -0.008381 -0.045760 -0.027513 0.009155 0.999818 0.016716 2.178269 0.045611 -0.017117 0.998813 -0.043071 0.000000 0.000000 0.000000 1.000000
0.999409 -0.007440 -0.033567 -0.027263 0.008048 0.999805 0.018027 2.177994 0.033426 -0.018287 0.999274 -0.043596 0.000000 0.000000 0.000000 1.000000
0.999573 -0.007055 -0.028364 -0.027213 0.007571 0.999808 0.018101 2.177903 0.028231 -0.018308 0.999434 -0.044335 0.000000 0.000000 0.000000 1.000000
0.999651 -0.007090 -0.025463 -0.027064 0.007498 0.999844 0.015967 2.177992 0.025345 -0.016153 0.999548 -0.044850 0.000000 0.000000 0.000000 1.000000
0.999697 -0.007739 -0.023358 -0.026561 0.008024 0.999894 0.012141 2.178176 0.023262 -0.012325 0.999653 -0.045447 0.000000 0.000000 0.000000 1.000000
0.999708 -0.008719 -0.022548 -0.025839 0.008887 0.999933 0.007372 2.178372 0.022482 -0.007570 0.999719 -0.046221 0.000000 0.000000 0.000000 1.000000
0.999698 -0.009359 -0.022736 -0.025175 0.009406 0.999954 0.001976 2.178506 0.022716 -0.002190 0.999740 -0.047227 0.000000 0.000000 0.000000 1.000000
0.999697 -0.009169 -0.022835 -0.024674 0.009085 0.999952 -0.003757 2.178564 0.022868 0.003549 0.999732 -0.048439 0.000000 0.000000 0.000000 1.000000
0.999709 -0.008219 -0.022697 -0.024271 0.008005 0.999923 -0.009479 2.178607 0.022773 0.009295 0.999697 -0.049761 0.000000 0.000000 0.000000 1.000000
0.999707 -0.007014 -0.023174 -0.023885 0.006667 0.999865 -0.015031 2.178708 0.023276 0.014872 0.999618 -0.051053 0.000000 0.000000 0.000000 1.000000
0.999683 -0.005850 -0.024496 -0.023475 0.005350 0.999777 -0.020426 2.178902 0.024610 0.020288 0.999491 -0.052161 0.000000 0.000000 0.000000 1.000000
0.999661 -0.004702 -0.025620 -0.022986 0.004045 0.999663 -0.025647 2.179144 0.025732 0.025535 0.999343 -0.052988 0.000000 0.000000 0.000000 1.000000
0.999672 -0.003595 -0.025370 -0.022333 0.002817 0.999527 -0.030614 2.179359 0.025468 0.030532 0.999209 -0.053537 0.000000 0.000000 0.000000 1.000000
0.999718 -0.002723 -0.023593 -0.021460 0.001891 0.999378 -0.035214 2.179468 0.023674 0.035159 0.999101 -0.053888 0.000000 0.000000 0.000000 1.000000
0.999778 -0.002100 -0.020962 -0.020399 0.001277 0.999230 -0.039203 2.179443 0.021029 0.039168 0.999011 -0.054121 0.000000 0.000000 0.000000 1.000000
0.999835 -0.001555 -0.018077 -0.019164 0.000790 0.999107 -0.042236 2.179328 0.018126 0.042215 0.998944 -0.054225 0.000000 0.000000 0.000000 1.000000
0.999886 -0.001042 -0.015043 -0.017682 0.000376 0.999024 -0.044165 2.179216 0.015075 0.044154 0.998911 -0.054045 0.000000 0.000000 0.000000 1.000000
0.999929 -0.000688 -0.011915 -0.015901 0.000149 0.998979 -0.045174 2.179193 0.011934 0.045169 0.998908 -0.052816 0.000000 0.000000 0.000000 1.000000
0.999958 -0.000644 -0.009098 -0.013898 0.000229 0.998961 -0.045576 2.179216 0.009118 0.045572 0.998919 -0.050413 0.000000 0.000000 0.000000 1.000000
0.999975 -0.000884 -0.007024 -0.011830 0.000563 0.998960 -0.045593 2.179224 0.007057 0.045588 0.998935 -0.047148 0.000000 0.000000 0.000000 1.000000
0.999984 -0.001146 -0.005519 -0.009834 0.000895 0.998970 -0.045362 2.179250 0.005565 0.045357 0.998955 -0.043408 0.000000 0.000000 0.000000 1.000000
0.999992 -0.001176 -0.003886 -0.008002 0.001000 0.998984 -0.045049 2.179247 0.003935 0.045045 0.998977 -0.039521 0.000000 0.000000 0.000000 1.000000
0.999998 -0.000798 -0.001806 -0.006406 0.000717 0.998998 -0.044745 2.179195 0.001840 0.044744 0.998997 -0.035699 0.000000 0.000000 0.000000 1.000000
1.000000 -0.000024 0.000080 -0.005127 0.000027 0.999017 -0.044332 2.179128 -0.000079 0.044332 0.999017 -0.032011 0.000000 0.000000 0.000000 1.000000
0.999999 0.000896 0.000975 -0.004167 -0.000852 0.999038 -0.043841 2.179102 -0.001014 0.043840 0.999038 -0.028380 0.000000 0.000000 0.000000 1.000000
0.999998 0.001649 0.001134 -0.003387 -0.001598 0.999042 -0.043735 2.179138 -0.001205 0.043733 0.999043 -0.024678 0.000000 0.000000 0.000000 1.000000
0.999997 0.002155 0.001406 -0.002646 -0.002090 0.999016 -0.044294 2.179208 -0.001500 0.044291 0.999018 -0.020914 0.000000 0.000000 0.000000 1.000000
0.999994 0.002562 0.002305 -0.001945 -0.002456 0.998974 -0.045213 2.179265 -0.002419 0.045207 0.998975 -0.017242 0.000000 0.000000 0.000000 1.000000
0.999987 0.003057 0.003999 -0.001381 -0.002870 0.998932 -0.046106 2.179291 -0.004135 0.046094 0.998929 -0.013811 0.000000 0.000000 0.000000 1.000000
0.999972 0.003642 0.006604 -0.000969 -0.003329 0.998894 -0.046891 2.179305 -0.006767 0.046868 0.998878 -0.010653 0.000000 0.000000 0.000000 1.000000</float_array>
        <technique_common>
          <accessor source="#mixamorig_Hips-Matrix-animation-output-transform-array" count="121" stride="16">
            <param type="float4x4"/>
          </accessor>
        </technique_common>
      </source>
      <source id="mixamorig_Hips-Interpolations">
        <Name_array id="mixamorig_Hips-Interpolations-array" count="121">
 LINEAR LINEAR LINEAR LINEAR LINEAR LINEAR LINEAR LINEAR LINEAR LINEAR LINEAR
LINEAR LINEAR LINEAR LINEAR LINEAR LINEAR LINEAR LINEAR LINEAR LINEAR LINEAR LINEAR
LINEAR LINEAR LINEAR LINEAR LINEAR LINEAR LINEAR LINEAR LINEAR LINEAR LINEAR LINEAR
LINEAR LINEAR LINEAR LINEAR LINEAR LINEAR LINEAR LINEAR LINEAR LINEAR LINEAR LINEAR
LINEAR LINEAR LINEAR LINEAR LINEAR LINEAR LINEAR LINEAR LINEAR LINEAR LINEAR LINEAR
LINEAR LINEAR LINEAR LINEAR LINEAR LINEAR LINEAR LINEAR LINEAR LINEAR LINEAR LINEAR
LINEAR LINEAR LINEAR LINEAR LINEAR LINEAR LINEAR LINEAR LINEAR LINEAR LINEAR LINEAR
LINEAR LINEAR LINEAR LINEAR LINEAR LINEAR LINEAR LINEAR LINEAR LINEAR LINEAR LINEAR
LINEAR LINEAR LINEAR LINEAR LINEAR LINEAR LINEAR LINEAR LINEAR LINEAR LINEAR LINEAR
LINEAR LINEAR LINEAR LINEAR LINEAR LINEAR LINEAR LINEAR LINEAR LINEAR LINEAR LINEAR
LINEAR LINEAR</Name_array>
        <technique_common>
          <accessor source="#mixamorig_Hips-Interpolations-array" count="121">
            <param type="name"/>
          </accessor>
        </technique_common>
      </source>
      <sampler id="mixamorig_Hips-Matrix-animation-transform">
        <input semantic="INPUT" source="#mixamorig_Hips-Matrix-animation-input"/>
        <input semantic="OUTPUT" source="#mixamorig_Hips-Matrix-animation-output-transform"/>
        <input semantic="INTERPOLATION" source="#mixamorig_Hips-Interpolations"/>
      </sampler>
      <channel source="#mixamorig_Hips-Matrix-animation-transform" target="mixamorig_Hips/matrix"/>
      <source id="mixamorig_Spine-Matrix-animation-input">
        <float_array id="mixamorig_Spine-Matrix-animation-input-array" count="121">

0.000000 0.033333 0.066667 0.100000 0.133333 0.166667 0.200000 0.233333 0.266667 0.300000 0.333333 0.366667 0.400000 0.433333 0.466667 0.500000
0.533333 0.566667 0.600000 0.633333 0.666667 0.700000 0.733333 0.766667 0.800000 0.833333 0.866667 0.900000 0.933333 0.966667 1.000000 1.033333
1.066667 1.100000 1.133333 1.166667 1.200000 1.233333 1.266667 1.300000 1.333333 1.366667 1.400000 1.433333 1.466667 1.500000 1.533333 1.566667
1.600000 1.633333 1.666667 1.700000 1.733333 1.766667 1.800000 1.833333 1.866667 1.900000 1.933333 1.966667 2.000000 2.033333 2.066667 2.100000
2.133333 2.166667 2.200000 2.233333 2.266667 2.300000 2.333333 2.366667 2.400000 2.433333 2.466667 2.500000 2.533333 2.566667 2.600000 2.633333
2.666667 2.700000 2.733333 2.766667 2.800000 2.833333 2.866667 2.900000 2.933333 2.966667 3.000000 3.033333 3.066667 3.100000 3.133333 3.166667
3.200000 3.233333 3.266667 3.300000 3.333333 3.366667 3.400000 3.433333 3.466667 3.500000 3.533333 3.566667 3.600000 3.633333 3.666667 3.700000
3.733333 3.766667 3.800000 3.833333 3.866667 3.900000 3.933333 3.966667 4.000000</float_array>
        <technique_common>
          <accessor source="#mixamorig_Spine-Matrix-animation-input-array" count="121">
            <param name="TIME" type="float"/>
          </accessor>
        </technique_common>
      </source>
      <source id="mixamorig_Spine-Matrix-animation-output-transform">
        <float_array id="mixamorig_Spine-Matrix-animation-output-transform-array" count="1936">

0.999978 -0.002586 -0.006129 -0.000000 0.003152 0.995546 0.094230 0.168800 0.005858 -0.094247 0.995532 -0.012300 0.000000 0.000000 0.000000 1.000000
0.999984 0.002290 -0.005229 0.000000 -0.001816 0.996038 0.088906 0.168800 0.005412 -0.088895 0.996026 -0.012300 0.000000 0.000000 0.000000 1.000000
0.999933 0.009137 -0.007053 0.000000 -0.008538 0.996706 0.080647 0.168800 0.007767 -0.080581 0.996718 -0.012300 0.000000 0.000000 0.000000 1.000000
0.999755 0.016057 -0.015232 0.000000 -0.014966 0.997492 0.069180 0.168800 0.016304 -0.068935 0.997488 -0.012300 0.000000 0.000000 0.000000 1.000000
0.999206 0.023057 -0.032486 0.000000 -0.021202 0.998188 0.056318 0.168800 0.033726 -0.055584 0.997884 -0.012300 0.000000 0.000000 0.000000 1.000000
0.997754 0.031373 -0.059192 0.000000 -0.028700 0.998553 0.045471 0.168800 0.060533 -0.043670 0.997210 -0.012300 0.000000 0.000000 0.000000 1.000000
0.994751 0.041445 -0.093552 0.000000 -0.037823 0.998477 0.040164 0.168800 0.095074 -0.036415 0.994804 -0.012300 0.000000 0.000000 0.000000 1.000000
0.990118 0.048821 -0.131468 0.000000 -0.043680 0.998174 0.041714 0.168800 0.133264 -0.035559 0.990442 -0.012300 0.000000 0.000000 0.000000 1.000000
0.984645 0.046351 -0.168300 0.000000 -0.038982 0.998142 0.046834 0.168800 0.170158 -0.039554 0.984623 -0.012300 0.000000 0.000000 0.000000 1.000000
0.978832 0.036625 -0.201362 -0.000000 -0.026977 0.998362 0.050447 0.168800 0.202880 -0.043947 0.978217 -0.012300 0.000000 0.000000 0.000000 1.000000
0.972898 0.013578 -0.230836 0.000000 -0.003058 0.998943 0.045870 0.168800 0.231215 -0.043921 0.971911 -0.012300 0.000000 0.000000 0.000000 1.000000
0.967713 -0.017119 -0.251474 0.000000 0.026702 0.999040 0.034741 0.168800 0.250638 -0.040334 0.967240 -0.012300 0.000000 0.000000 0.000000 1.000000
0.966083 -0.040422 -0.255048 -0.000000 0.048450 0.998506 0.025269 0.168800 0.253646 -0.036769 0.966598 -0.012300 0.000000 0.000000 0.000000 1.000000
0.968008 -0.053673 -0.245110 0.000000 0.059716 0.998066 0.017285 0.168800 0.243709 -0.031369 0.969341 -0.012300 0.000000 0.000000 0.000000 1.000000
0.971618 -0.056984 -0.229591 0.000000 0.060516 0.998132 0.008367 0.168800 0.228685 -0.022023 0.973251 -0.012300 0.000000 0.000000 0.000000 1.000000
0.975177 -0.051617 -0.215325 0.000000 0.052823 0.998604 -0.000153 0.168800 0.215032 -0.011225 0.976543 -0.012300 0.000000 0.000000 0.000000 1.000000
0.978135 -0.042343 -0.203615 -0.000000 0.042152 0.999097 -0.005274 0.168800 0.203654 -0.003424 0.979037 -0.012300 0.000000 0.000000 0.000000 1.000000
0.980931 -0.035333 -0.191118 -0.000000 0.034731 0.999376 -0.006501 0.168800 0.191228 -0.000261 0.981546 -0.012300 0.000000 0.000000 0.000000 1.000000
0.984240 -0.029417 -0.174376 0.000000 0.028902 0.999567 -0.005492 0.168800 0.174462 0.000365 0.984664 -0.012300 0.000000 0.000000 0.000000 1.000000
0.987710 -0.023788 -0.154477 0.000000 0.023076 0.999713 -0.006399 0.168800 0.154585 0.002756 0.987976 -0.012300 0.000000 0.000000 0.000000 1.000000
0.990888 -0.018137 -0.133463 0.000000 0.016837 0.999799 -0.010859 0.168800 0.133633 0.008513 0.990994 -0.012300 0.000000 0.000000 0.000000 1.000000
0.993710 -0.011344 -0.111404 0.000000 0.009593 0.999822 -0.016242 0.168800 0.111568 0.015071 0.993642 -0.012300 0.000000 0.000000 0.000000 1.000000
0.996036 -0.002835 -0.088908 0.000000 0.001131 0.999815 -0.019209 0.168800 0.088946 0.019032 0.995855 -0.012300 0.000000 0.000000 0.000000 1.000000
0.997635 0.006985 -0.068372 -0.000000 -0.008368 0.999766 -0.019956 0.168800 0.068217 0.020481 0.997460 -0.012300 0.000000 0.000000 0.000000 1.000000
0.998555 0.018565 -0.050430 0.000000 -0.019653 0.999583 -0.021165 0.168800 0.050016 0.022125 0.998503 -0.012300 0.000000 0.000000 0.000000 1.000000
0.998976 0.030015 -0.033865 0.000000 -0.030851 0.999225 -0.024439 0.168800 0.033106 0.025459 0.999128 -0.012300 0.000000 0.000000 0.000000 1.000000
0.999192 0.035674 -0.018502 0.000000 -0.036197 0.998930 -0.028797 0.168800 0.017455 0.029444 0.999414 -0.012300 0.000000 0.000000 0.000000 1.000000
0.999314 0.036555 -0.005870 -0.000000 -0.036719 0.998850 -0.030842 0.168800 0.004736 0.031036 0.999507 -0.012300 0.000000 0.000000 0.000000 1.000000
0.999340 0.036319 0.000261 0.000000 -0.036299 0.998981 -0.026829 0.168800 -0.001235 0.026802 0.999640 -0.012300 0.000000 0.000000 0.000000 1.000000
0.998931 0.046168 -0.002252 0.000000 -0.046199 0.998795 -0.016543 0.168800 0.001486 0.016630 0.999861 -0.012300 0.000000 0.000000 0.000000 1.000000
0.998586 0.051691 -0.012431 0.000000 -0.051764 0.998644 -0.005594 0.168800 0.012125 0.006229 0.999907 -0.012300 0.000000 0.000000 0.000000 1.000000
0.998767 0.042097 -0.026329 0.000000 -0.042093 0.999113 0.000727 0.168800 0.026337 0.000382 0.999653 -0.012300 0.000000 0.000000 0.000000 1.000000
0.999092 0.018773 -0.038254 -0.000000 -0.018589 0.999814 0.005164 0.168800 0.038343 -0.004448 0.999255 -0.012300 0.000000 0.000000 0.000000 1.000000
0.999039 -0.004860 -0.043550 -0.000000 0.005479 0.999885 0.014117 0.168800 0.043477 -0.014342 0.998951 -0.012300 0.000000 0.000000 0.000000 1.000000
0.999123 -0.015852 -0.038766 0.000000 0.016824 0.999549 0.024856 0.168800 0.038354 -0.025486 0.998939 -0.012300 0.000000 0.000000 0.000000 1.000000
0.999637 -0.012828 -0.023704 0.000000 0.013498 0.999508 0.028315 0.168800 0.023329 -0.028625 0.999318 -0.012300 0.000000 0.000000 0.000000 1.000000
0.999979 -0.002627 -0.005860 -0.000000 0.002762 0.999725 0.023274 0.168800 0.005797 -0.023290 0.999712 -0.012300 0.000000 0.000000 0.000000 1.000000
0.999990 0.004060 0.001996 0.000000 -0.004090 0.999871 0.015501 0.168800 -0.001933 -0.015509 0.999878 -0.012300 0.000000 0.000000 0.000000 1.000000
0.999987 0.000270 -0.005043 0.000000 -0.000231 0.999969 0.007858 0.168800 0.005045 -0.007857 0.999956 -0.012300 0.000000 0.000000 0.000000 1.000000
0.999765 -0.011917 -0.018112 -0.000000 0.011911 0.999929 -0.000445 0.168800 0.018116 0.000229 0.999836 -0.012300 0.000000 0.000000 0.000000 1.000000
0.999383 -0.024954 -0.024707 -0.000000 0.024743 0.999655 -0.008808 0.168800 0.024918 0.008191 0.999656 -0.012300 0.000000 0.000000 0.000000 1.000000
0.999211 -0.033275 -0.021678 0.000000 0.032958 0.999347 -0.014828 0.168800 0.022157 0.014102 0.999655 -0.012300 0.000000 0.000000 0.000000 1.000000
0.999213 -0.036337 -0.015889 0.000000 0.036054 0.999193 -0.017728 0.168800 0.016521 0.017141 0.999717 -0.012300 0.000000 0.000000 0.000000 1.000000
0.999210 -0.037195 -0.014002 -0.000000 0.036918 0.999126 -0.019603 0.168800 0.014719 0.019071 0.999710 -0.012300 0.000000 0.000000 0.000000 1.000000
0.999134 -0.038405 -0.016033 -0.000000 0.038039 0.999022 -0.022534 0.168800 0.016883 0.021904 0.999618 -0.012300 0.000000 0.000000 0.000000 1.000000
0.999022 -0.040214 -0.018396 0.000000 0.039722 0.998862 -0.026389 0.168800 0.019436 0.025632 0.999482 -0.012300 0.000000 0.000000 0.000000 1.000000
0.998928 -0.042127 -0.019184 -0.000000 0.041552 0.998703 -0.029424 0.168800 0.020399 0.028595 0.999383 -0.012300 0.000000 0.000000 0.000000 1.000000
0.998903 -0.042835 -0.018913 0.000000 0.042242 0.998635 -0.030711 0.168800 0.020202 0.029878 0.999349 -0.012300 0.000000 0.000000 0.000000 1.000000
0.998945 -0.042221 -0.018057 0.000000 0.041653 0.998658 -0.030771 0.168800 0.019332 0.029987 0.999363 -0.012300 0.000000 0.000000 0.000000 1.000000
0.999031 -0.041033 -0.015929 0.000000 0.040540 0.998724 -0.030114 0.168800 0.017144 0.029439 0.999420 -0.012300 0.000000 0.000000 0.000000 1.000000
0.999132 -0.039870 -0.012103 0.000000 0.039508 0.998804 -0.028802 0.168800 0.013237 0.028299 0.999512 -0.012300 0.000000 0.000000 0.000000 1.000000
0.999231 -0.038422 -0.007808 0.000000 0.038201 0.998911 -0.026770 0.168800 0.008828 0.026451 0.999611 -0.012300 0.000000 0.000000 0.000000 1.000000
0.999309 -0.036819 -0.005099 -0.000000 0.036686 0.999036 -0.024091 0.168800 0.005981 0.023888 0.999697 -0.012300 0.000000 0.000000 0.000000 1.000000
0.999373 -0.034994 -0.005403 0.000000 0.034874 0.999174 -0.020850 0.168800 0.006128 0.020648 0.999768 -0.012300 0.000000 0.000000 0.000000 1.000000
0.999429 -0.032746 -0.008301 0.000000 0.032603 0.999326 -0.016871 0.168800 0.008848 0.016591 0.999823 -0.012300 0.000000 0.000000 0.000000 1.000000
0.999493 -0.029613 -0.011660 0.000000 0.029476 0.999496 -0.011782 0.168800 0.012003 0.011432 0.999863 -0.012300 0.000000 0.000000 0.000000 1.000000
0.999590 -0.025378 -0.013286 -0.000000 0.025309 0.999665 -0.005391 0.168800 0.013418 0.005052 0.999897 -0.012300 0.000000 0.000000 0.000000 1.000000
0.999707 -0.020531 -0.012819 0.000000 0.020560 0.999786 0.002143 0.168800 0.012772 -0.002406 0.999916 -0.012300 0.000000 0.000000 0.000000 1.000000
0.999807 -0.015861 -0.011552 0.000000 0.015982 0.999817 0.010489 0.168800 0.011384 -0.010671 0.999878 -0.012300 0.000000 0.000000 0.000000 1.000000
0.999878 -0.011656 -0.010407 -0.000000 0.011855 0.999745 0.019220 0.168800 0.010180 -0.019341 0.999761 -0.012300 0.000000 0.000000 0.000000 1.000000
0.999929 -0.007810 -0.009036 0.000000 0.008059 0.999579 0.027864 0.168800 0.008815 -0.027935 0.999571 -0.012300 0.000000 0.000000 0.000000 1.000000
0.999967 -0.004343 -0.006912 0.000000 0.004590 0.999338 0.036103 0.168800 0.006751 -0.036133 0.999324 -0.012300 0.000000 0.000000 0.000000 1.000000
0.999990 -0.001625 -0.004150 0.000000 0.001806 0.999031 0.043984 0.168800 0.004075 -0.043991 0.999024 -0.012300 0.000000 0.000000 0.000000 1.000000
0.999999 0.000388 -0.001106 0.000000 -0.000330 0.998659 0.051776 0.168800 0.001125 -0.051776 0.998658 -0.012300 0.000000 0.000000 0.000000 1.000000
0.999997 0.001433 0.001869 0.000000 -0.001542 0.998227 0.059507 0.168800 -0.001780 -0.059510 0.998226 -0.012300 0.000000 0.000000 0.000000 1.000000
0.999990 0.001055 0.004324 0.000000 -0.001342 0.997759 0.066890 0.168800 -0.004244 -0.066895 0.997751 -0.012300 0.000000 0.000000 0.000000 1.000000
0.999982 -0.000657 0.006016 0.000000 0.000211 0.997274 0.073783 0.168800 -0.006048 -0.073781 0.997256 -0.012300 0.000000 0.000000 0.000000 1.000000
0.999970 -0.003079 0.007090 0.000000 0.002499 0.996757 0.080426 0.168800 -0.007314 -0.080406 0.996735 -0.012300 0.000000 0.000000 0.000000 1.000000
0.999951 -0.006497 0.007522 0.000000 0.005819 0.996193 0.086978 0.168800 -0.008058 -0.086930 0.996182 -0.012300 0.000000 0.000000 0.000000 1.000000
0.999917 -0.010693 0.007137 0.000000 0.009985 0.995639 0.092756 0.168800 -0.008097 -0.092677 0.995663 -0.012300 0.000000 0.000000 0.000000 1.000000
0.999871 -0.014997 0.005707 -0.000000 0.014376 0.995220 0.096593 0.168800 -0.007129 -0.096499 0.995308 -0.012300 0.000000 0.000000 0.000000 1.000000
0.999825 -0.018448 0.002961 0.000000 0.018067 0.994978 0.098447 0.168800 -0.004762 -0.098377 0.995138 -0.012300 0.000000 0.000000 0.000000 1.000000
0.999787 -0.020580 -0.001234 0.000000 0.020601 0.994872 0.099026 0.168800 -0.000810 -0.099030 0.995084 -0.012300 0.000000 0.000000 0.000000 1.000000
0.999738 -0.021929 -0.006522 0.000000 0.022465 0.994884 0.098494 0.168800 0.004329 -0.098615 0.995116 -0.012300 0.000000 0.000000 0.000000 1.000000
0.999657 -0.023197 -0.012180 0.000000 0.024266 0.995030 0.096571 0.168800 0.009880 -0.096834 0.995252 -0.012300 0.000000 0.000000 0.000000 1.000000
0.999553 -0.024320 -0.017383 0.000000 0.025838 0.995314 0.093179 0.168800 0.015036 -0.093587 0.995498 -0.012300 0.000000 0.000000 0.000000 1.000000
0.999468 -0.024777 -0.021224 0.000000 0.026572 0.995678 0.088989 0.168800 0.018927 -0.089505 0.995806 -0.012300 0.000000 0.000000 0.000000 1.000000
0.999441 -0.024441 -0.022803 0.000000 0.026298 0.996031 0.085038 0.168800 0.020634 -0.085590 0.996117 -0.012300 0.000000 0.000000 0.000000 1.000000
0.999484 -0.023505 -0.021891 0.000000 0.025228 0.996306 0.082086 0.168800 0.019880 -0.082596 0.996385 -0.012300 0.000000 0.000000 0.000000 1.000000
0.999573 -0.021660 -0.019615 -0.000000 0.023172 0.996487 0.080482 0.168800 0.017803 -0.080902 0.996563 -0.012300 0.000000 0.000000 0.000000 1.000000
0.999682 -0.018180 -0.017448 0.000000 0.019523 0.996589 0.080181 0.168800 0.015931 -0.080497 0.996628 -0.012300 0.000000 0.000000 0.000000 1.000000
0.999810 -0.012679 -0.014814 -0.000000 0.013836 0.996639 0.080742 0.168800 0.013740 -0.080932 0.996625 -0.012300 0.000000 0.000000 0.000000 1.000000
0.999929 -0.006397 -0.010047 0.000000 0.007201 0.996593 0.082165 0.168800 0.009487 -0.082232 0.996568 -0.012300 0.000000 0.000000 0.000000 1.000000
0.999983 -0.002553 -0.005187 0.000000 0.002987 0.996333 0.085506 0.168800 0.004950 -0.085520 0.996324 -0.012300 0.000000 0.000000 0.000000 1.000000
0.999983 -0.002811 -0.005180 -0.000000 0.003271 0.995834 0.091126 0.168800 0.004902 -0.091142 0.995826 -0.012300 0.000000 0.000000 0.000000 1.000000
0.999935 -0.005663 -0.009890 0.000000 0.006600 0.995216 0.097481 0.168800 0.009291 -0.097540 0.995188 -0.012300 0.000000 0.000000 0.000000 1.000000
0.999885 -0.008847 -0.012354 0.000000 0.010073 0.994634 0.102964 0.168800 0.011377 -0.103077 0.994608 -0.012300 0.000000 0.000000 0.000000 1.000000
0.999903 -0.011423 -0.008016 0.000000 0.012216 0.994188 0.106966 0.168800 0.006747 -0.107054 0.994230 -0.012300 0.000000 0.000000 0.000000 1.000000
0.999907 -0.013586 -0.000838 0.000000 0.013596 0.993900 0.109443 0.168800 -0.000654 -0.109445 0.993993 -0.012300 0.000000 0.000000 0.000000 1.000000
0.999890 -0.014740 0.001786 -0.000000 0.014453 0.993779 0.110431 0.168800 -0.003403 -0.110393 0.993882 -0.012300 0.000000 0.000000 0.000000 1.000000
0.999889 -0.014625 -0.002913 0.000000 0.014857 0.993869 0.109563 0.168800 0.001292 -0.109595 0.993976 -0.012300 0.000000 0.000000 0.000000 1.000000
0.999843 -0.014002 -0.010822 0.000000 0.015079 0.994164 0.106821 0.168800 0.009263 -0.106968 0.994219 -0.012300 0.000000 0.000000 0.000000 1.000000
0.999773 -0.013995 -0.016064 0.000000 0.015582 0.994525 0.103328 0.168800 0.014530 -0.103555 0.994518 -0.012300 0.000000 0.000000 0.000000 1.000000
0.999762 -0.014676 -0.016167 0.000000 0.016228 0.994808 0.100468 0.168800 0.014608 -0.100707 0.994809 -0.012300 0.000000 0.000000 0.000000 1.000000
0.999802 -0.015352 -0.012632 0.000000 0.016523 0.994999 0.098509 0.168800 0.011056 -0.098698 0.995056 -0.012300 0.000000 0.000000 0.000000 1.000000
0.999843 -0.015613 -0.008420 -0.000000 0.016356 0.995163 0.096869 0.168800 0.006867 -0.096992 0.995262 -0.012300 0.000000 0.000000 0.000000 1.000000
0.999862 -0.015567 -0.005733 0.000000 0.016042 0.995325 0.095244 0.168800 0.004224 -0.095323 0.995437 -0.012300 0.000000 0.000000 0.000000 1.000000
0.999866 -0.015377 -0.005587 0.000000 0.015833 0.995479 0.093649 0.168800 0.004121 -0.093724 0.995590 -0.012300 0.000000 0.000000 0.000000 1.000000
0.999857 -0.015038 -0.007749 0.000000 0.015687 0.995642 0.091926 0.168800 0.006332 -0.092034 0.995736 -0.012300 0.000000 0.000000 0.000000 1.000000
0.999840 -0.014481 -0.010525 0.000000 0.015370 0.995833 0.089886 0.168800 0.009179 -0.090033 0.995896 -0.012300 0.000000 0.000000 0.000000 1.000000
0.999837 -0.013633 -0.011827 -0.000000 0.014619 0.996042 0.087676 0.168800 0.010585 -0.087834 0.996079 -0.012300 0.000000 0.000000 0.000000 1.000000
0.999860 -0.012557 -0.011049 0.000000 0.013460 0.996220 0.085816 0.168800 0.009930 -0.085953 0.996250 -0.012300 0.000000 0.000000 0.000000 1.000000
0.999892 -0.011453 -0.009234 -0.000000 0.012195 0.996327 0.084761 0.168800 0.008229 -0.084864 0.996359 -0.012300 0.000000 0.000000 0.000000 1.000000
0.999915 -0.010517 -0.007672 0.000000 0.011127 0.996371 0.084389 0.168800 0.006756 -0.084467 0.996403 -0.012300 0.000000 0.000000 0.000000 1.000000
0.999929 -0.009698 -0.006933 0.000000 0.010248 0.996397 0.084185 0.168800 0.006092 -0.084250 0.996426 -0.012300 0.000000 0.000000 0.000000 1.000000
0.999937 -0.008921 -0.006845 0.000000 0.009463 0.996436 0.083821 0.168800 0.006072 -0.083881 0.996457 -0.012300 0.000000 0.000000 0.000000 1.000000
0.999942 -0.008298 -0.006881 0.000000 0.008842 0.996482 0.083339 0.168800 0.006165 -0.083395 0.996497 -0.012300 0.000000 0.000000 0.000000 1.000000
0.999946 -0.007896 -0.006740 0.000000 0.008428 0.996513 0.083007 0.168800 0.006061 -0.083059 0.996526 -0.012300 0.000000 0.000000 0.000000 1.000000
0.999950 -0.007505 -0.006562 0.000000 0.008025 0.996502 0.083185 0.168800 0.005915 -0.083234 0.996513 -0.012300 0.000000 0.000000 0.000000 1.000000
