<?xml version="1.0" encoding="utf-8"?>
<COLLADA xmlns="http://www.collada.org/2005/11/COLLADASchema" version="1.4.1">
  <asset>
    <contributor>
      <author>Mixamo</author>
      <authoring_tool>COLLADA Mixamo exporter</authoring_tool>
      <comments/>
    </contributor>
    <created>2018-01-05T20:31:57Z</created>
    <modified>2018-01-05T20:31:57Z</modified>
    <revision/>
    <title/>
    <unit meter="0.010000"/>
    <up_axis>Y_UP</up_axis>
  </asset>
  <library_animations>
    <animation>
      <source id="mixamorig_Hips-Matrix-animation-input">
        <float_array id="mixamorig_Hips-Matrix-animation-input-array" count="343">

0.000000 0.033333 0.066667 0.100000 0.133333 0.166667 0.200000 0.233333 0.266667 0.300000 0.333333 0.366667 0.400000 0.433333 0.466667 0.500000
0.533333 0.566667 0.600000 0.633333 0.666667 0.700000 0.733333 0.766667 0.800000 0.833333 0.866667 0.900000 0.933333 0.966667 1.000000 1.033333
1.066667 1.100000 1.133333 1.166667 1.200000 1.233333 1.266667 1.300000 1.333333 1.366667 1.400000 1.433333 1.466667 1.500000 1.533333 1.566667
1.600000 1.633333 1.666667 1.700000 1.733333 1.766667 1.800000 1.833333 1.866667 1.900000 1.933333 1.966667 2.000000 2.033333 2.066667 2.100000
2.133333 2.166667 2.200000 2.233333 2.266667 2.300000 2.333333 2.366667 2.400000 2.433333 2.466667 2.500000 2.533333 2.566667 2.600000 2.633333
2.666667 2.700000 2.733333 2.766667 2.800000 2.833333 2.866667 2.900000 2.933333 2.966667 3.000000 3.033333 3.066667 3.100000 3.133333 3.166667
3.200000 3.233333 3.266667 3.300000 3.333333 3.366667 3.400000 3.433333 3.466667 3.500000 3.533333 3.566667 3.600000 3.633333 3.666667 3.700000
3.733333 3.766667 3.800000 3.833333 3.866667 3.900000 3.933333 3.966667 4.000000 4.033333 4.066667 4.100000 4.133333 4.166667 4.200000 4.233333
4.266667 4.300000 4.333333 4.366667 4.400000 4.433333 4.466667 4.500000 4.533333 4.566667 4.600000 4.633333 4.666667 4.700000 4.733333 4.766667
4.800000 4.833333 4.866667 4.900000 4.933333 4.966667 5.000000 5.033333 5.066667 5.100000 5.133333 5.166667 5.200000 5.233333 5.266667 5.300000
5.333333 5.366667 5.400000 5.433333 5.466667 5.500000 5.533333 5.566667 5.600000 5.633333 5.666667 5.700000 5.733333 5.766667 5.800000 5.833333
5.866667 5.900000 5.933333 5.966667 6.000000 6.033333 6.066667 6.100000 6.133333 6.166667 6.200000 6.233333 6.266667 6.300000 6.333333 6.366667
6.400000 6.433333 6.466667 6.500000 6.533333 6.566667 6.600000 6.633333 6.666667 6.700000 6.733333 6.766667 6.800000 6.833333 6.866667 6.900000
6.933333 6.966667 7.000000 7.033333 7.066667 7.100000 7.133333 7.166667 7.200000 7.233333 7.266667 7.300000 7.333333 7.366667 7.400000 7.433333
7.466667 7.500000 7.533333 7.566667 7.600000 7.633333 7.666667 7.700000 7.733333 7.766667 7.800000 7.833333 7.866667 7.900000 7.933333 7.966667
8.000000 8.033333 8.066667 8.100000 8.133333 8.166667 8.200000 8.233333 8.266667 8.300000 8.333333 8.366667 8.400000 8.433333 8.466667 8.500000
8.533333 8.566667 8.600000 8.633333 8.666667 8.700000 8.733333 8.766667 8.800000 8.833333 8.866667 8.900000 8.933333 8.966667 9.000000 9.033333
9.066667 9.100000 9.133333 9.166667 9.200000 9.233333 9.266667 9.300000 9.333333 9.366667 9.400000 9.433333 9.466667 9.500000 9.533333 9.566667
9.600000 9.633333 9.666667 9.700000 9.733333 9.766667 9.800000 9.833333 9.866667 9.900000 9.933333 9.966667 10.000000 10.033333 10.066667 10.100000
10.133333 10.166667 10.200000 10.233333 10.266667 10.300000 10.333333 10.366667 10.400000 10.433333 10.466667 10.500000 10.533333 10.566667 10.600000 10.633333
10.666667 10.700000 10.733333 10.766667 10.800000 10.833333 10.866667 10.900000 10.933333 10.966667 11.000000 11.033333 11.066667 11.100000 11.133333 11.166667
11.200000 11.233333 11.266667 11.300000 11.333333 11.366667 11.400000</float_array>
        <technique_common>
          <accessor source="#mixamorig_Hips-Matrix-animation-input-array" count="343">
            <param name="TIME" type="float"/>
          </accessor>
        </technique_common>
      </source>
      <source id="mixamorig_Hips-Matrix-animation-output-transform">
        <float_array id="mixamorig_Hips-Matrix-animation-output-transform-array" count="5488">

0.999236 0.009160 -0.038004 0.105420 -0.038468 0.057301 -0.997616 0.230917 -0.006961 0.998315 0.057610 -0.065962 0.000000 0.000000 0.000000 1.000000
0.999258 0.008566 -0.037548 0.105594 -0.037986 0.058516 -0.997564 0.230908 -0.006348 0.998250 0.058798 -0.065741 0.000000 0.000000 0.000000 1.000000
0.999276 0.007929 -0.037209 0.105703 -0.037612 0.058864 -0.997557 0.230927 -0.005720 0.998235 0.059120 -0.065546 0.000000 0.000000 0.000000 1.000000
0.999287 0.007384 -0.037024 0.105709 -0.037393 0.058456 -0.997589 0.230962 -0.005202 0.998263 0.058690 -0.065339 0.000000 0.000000 0.000000 1.000000
0.999290 0.007002 -0.037019 0.105636 -0.037361 0.057532 -0.997644 0.231046 -0.004856 0.998319 0.057753 -0.065109 0.000000 0.000000 0.000000 1.000000
0.999285 0.006839 -0.037182 0.105519 -0.037509 0.056419 -0.997702 0.231189 -0.004726 0.998384 0.056635 -0.064851 0.000000 0.000000 0.000000 1.000000
0.999274 0.006908 -0.037456 0.105373 -0.037781 0.055363 -0.997751 0.231372 -0.004819 0.998442 0.055584 -0.064554 0.000000 0.000000 0.000000 1.000000
0.999261 0.007130 -0.037762 0.105221 -0.038095 0.054437 -0.997790 0.231568 -0.005059 0.998492 0.054669 -0.064218 0.000000 0.000000 0.000000 1.000000
0.999248 0.007363 -0.038078 0.105103 -0.038418 0.053538 -0.997826 0.231780 -0.005309 0.998539 0.053781 -0.063883 0.000000 0.000000 0.000000 1.000000
0.999234 0.007474 -0.038418 0.105048 -0.038758 0.052545 -0.997866 0.232041 -0.005439 0.998591 0.052795 -0.063593 0.000000 0.000000 0.000000 1.000000
0.999222 0.007421 -0.038735 0.105056 -0.039067 0.051572 -0.997905 0.232373 -0.005408 0.998642 0.051822 -0.063356 0.000000 0.000000 0.000000 1.000000
0.999217 0.007279 -0.038901 0.105104 -0.039221 0.050856 -0.997936 0.232738 -0.005286 0.998679 0.051101 -0.063146 0.000000 0.000000 0.000000 1.000000
0.999220 0.007199 -0.038821 0.105140 -0.039135 0.050391 -0.997962 0.233097 -0.005228 0.998704 0.050634 -0.062939 0.000000 0.000000 0.000000 1.000000
0.999229 0.007388 -0.038548 0.105112 -0.038869 0.049955 -0.997995 0.233461 -0.005448 0.998724 0.050204 -0.062747 0.000000 0.000000 0.000000 1.000000
0.999239 0.007989 -0.038185 0.104996 -0.038533 0.049269 -0.998042 0.233840 -0.006092 0.998754 0.049539 -0.062596 0.000000 0.000000 0.000000 1.000000
0.999248 0.008821 -0.037764 0.104899 -0.038146 0.048134 -0.998112 0.234219 -0.006987 0.998802 0.048434 -0.062514 0.000000 0.000000 0.000000 1.000000
0.999261 0.009363 -0.037274 0.104867 -0.037670 0.046531 -0.998206 0.234556 -0.007612 0.998873 0.046850 -0.062455 0.000000 0.000000 0.000000 1.000000
0.999281 0.009421 -0.036715 0.104915 -0.037101 0.044711 -0.998311 0.234819 -0.007764 0.998956 0.045028 -0.062393 0.000000 0.000000 0.000000 1.000000
0.999307 0.009498 -0.036001 0.104968 -0.036378 0.043031 -0.998411 0.234969 -0.007934 0.999029 0.043346 -0.062269 0.000000 0.000000 0.000000 1.000000
0.999336 0.010184 -0.034985 0.104951 -0.035380 0.041677 -0.998505 0.235038 -0.008711 0.999079 0.042010 -0.062052 0.000000 0.000000 0.000000 1.000000
0.999365 0.011180 -0.033823 0.104838 -0.034252 0.040654 -0.998586 0.235140 -0.009789 0.999111 0.041011 -0.061781 0.000000 0.000000 0.000000 1.000000
0.999393 0.011549 -0.032868 0.104618 -0.033303 0.039752 -0.998654 0.235366 -0.010227 0.999143 0.040112 -0.061520 0.000000 0.000000 0.000000 1.000000
0.999423 0.010819 -0.032192 0.104274 -0.032586 0.038410 -0.998731 0.235698 -0.009568 0.999203 0.038741 -0.061292 0.000000 0.000000 0.000000 1.000000
0.999458 0.009323 -0.031563 0.103829 -0.031881 0.036109 -0.998839 0.236121 -0.008172 0.999304 0.036387 -0.061070 0.000000 0.000000 0.000000 1.000000
0.999498 0.007627 -0.030739 0.103355 -0.030975 0.033153 -0.998970 0.236678 -0.006600 0.999421 0.033373 -0.060798 0.000000 0.000000 0.000000 1.000000
0.999543 0.006115 -0.029591 0.102883 -0.029765 0.030713 -0.999085 0.237326 -0.005201 0.999510 0.030881 -0.060403 0.000000 0.000000 0.000000 1.000000
0.999593 0.004949 -0.028081 0.102342 -0.028216 0.029581 -0.999164 0.237897 -0.004114 0.999550 0.029708 -0.059858 0.000000 0.000000 0.000000 1.000000
0.999647 0.003812 -0.026309 0.101681 -0.026409 0.029281 -0.999222 0.238314 -0.003039 0.999564 0.029372 -0.059259 0.000000 0.000000 0.000000 1.000000
0.999699 0.001968 -0.024449 0.100984 -0.024496 0.028667 -0.999289 0.238721 -0.001266 0.999587 0.028706 -0.058799 0.000000 0.000000 0.000000 1.000000
0.999744 -0.000746 -0.022607 0.100317 -0.022578 0.027326 -0.999372 0.239283 0.001363 0.999626 0.027302 -0.058531 0.000000 0.000000 0.000000 1.000000
0.999779 -0.003322 -0.020736 0.099513 -0.020642 0.026252 -0.999442 0.239844 0.003864 0.999650 0.026177 -0.058254 0.000000 0.000000 0.000000 1.000000
0.999814 -0.004601 -0.018746 0.098355 -0.018616 0.026802 -0.999467 0.240144 0.005101 0.999630 0.026711 -0.057656 0.000000 0.000000 0.000000 1.000000
0.999850 -0.004797 -0.016634 0.096962 -0.016488 0.029046 -0.999442 0.240108 0.005278 0.999567 0.028963 -0.056578 0.000000 0.000000 0.000000 1.000000
0.999881 -0.005355 -0.014495 0.095692 -0.014317 0.031861 -0.999390 0.239830 0.005813 0.999478 0.031781 -0.055074 0.000000 0.000000 0.000000 1.000000
0.999900 -0.006885 -0.012364 0.093984 -0.012121 0.034207 -0.999341 0.239635 0.007304 0.999391 0.034120 -0.056356 0.000000 0.000000 0.000000 1.000000
0.999912 -0.008740 -0.010016 0.092066 -0.009694 0.036150 -0.999299 0.239372 0.009095 0.999308 0.036062 -0.058257 0.000000 0.000000 0.000000 1.000000
0.999924 -0.009916 -0.007393 0.089832 -0.007013 0.037863 -0.999258 0.239173 0.010189 0.999234 0.037791 -0.060567 0.000000 0.000000 0.000000 1.000000
0.999937 -0.010185 -0.004713 0.087711 -0.004303 0.039868 -0.999196 0.238926 0.010365 0.999153 0.039821 -0.062474 0.000000 0.000000 0.000000 1.000000
0.999945 -0.010198 -0.002453 0.086068 -0.002016 0.042696 -0.999086 0.238392 0.010293 0.999036 0.042674 -0.063613 0.000000 0.000000 0.000000 1.000000
0.999946 -0.010303 -0.001128 0.084960 -0.000658 0.045499 -0.998964 0.237619 0.010344 0.998911 0.045489 -0.064124 0.000000 0.000000 0.000000 1.000000
0.999945 -0.010456 -0.000959 0.084147 -0.000473 0.046379 -0.998924 0.237052 0.010489 0.998869 0.046372 -0.064284 0.000000 0.000000 0.000000 1.000000
0.999943 -0.010574 -0.001630 0.083414 -0.001158 0.044569 -0.999006 0.237090 0.010636 0.998950 0.044554 -0.064194 0.000000 0.000000 0.000000 1.000000
0.999941 -0.010564 -0.002580 0.082791 -0.002141 0.041309 -0.999144 0.237694 0.010662 0.999091 0.041284 -0.063900 0.000000 0.000000 0.000000 1.000000
0.999942 -0.010147 -0.003507 0.082419 -0.003114 0.038503 -0.999254 0.238464 0.010274 0.999207 0.038470 -0.063512 0.000000 0.000000 0.000000 1.000000
0.999949 -0.009083 -0.004442 0.082308 -0.004101 0.037183 -0.999300 0.239029 0.009242 0.999267 0.037144 -0.063137 0.000000 0.000000 0.000000 1.000000
0.999957 -0.007428 -0.005507 0.082276 -0.005227 0.037174 -0.999295 0.239285 0.007628 0.999281 0.037134 -0.062799 0.000000 0.000000 0.000000 1.000000
0.999963 -0.005344 -0.006759 0.082090 -0.006553 0.037761 -0.999265 0.239283 0.005596 0.999273 0.037724 -0.062419 0.000000 0.000000 0.000000 1.000000
0.999963 -0.003049 -0.008104 0.081621 -0.007980 0.038620 -0.999222 0.239053 0.003360 0.999249 0.038594 -0.061907 0.000000 0.000000 0.000000 1.000000
0.999956 -0.000890 -0.009346 0.080892 -0.009303 0.039963 -0.999158 0.238656 0.001263 0.999201 0.039953 -0.061284 0.000000 0.000000 0.000000 1.000000
0.999946 0.000911 -0.010386 0.080062 -0.010415 0.041570 -0.999081 0.238272 -0.000479 0.999135 0.041577 -0.060673 0.000000 0.000000 0.000000 1.000000
0.999935 0.002370 -0.011188 0.079373 -0.011279 0.042712 -0.999024 0.238073 -0.001890 0.999085 0.042736 -0.060139 0.000000 0.000000 0.000000 1.000000
0.999926 0.003446 -0.011647 0.079059 -0.011785 0.043229 -0.998996 0.238061 -0.002939 0.999059 0.043266 -0.059609 0.000000 0.000000 0.000000 1.000000
0.999923 0.003932 -0.011749 0.079251 -0.011909 0.043704 -0.998974 0.238127 -0.003414 0.999037 0.043747 -0.058988 0.000000 0.000000 0.000000 1.000000
0.999924 0.003787 -0.011744 0.079925 -0.011902 0.044658 -0.998931 0.238204 -0.003259 0.998995 0.044699 -0.058338 0.000000 0.000000 0.000000 1.000000
0.999923 0.003366 -0.011952 0.080934 -0.012095 0.046089 -0.998864 0.238324 -0.002811 0.998932 0.046126 -0.057850 0.000000 0.000000 0.000000 1.000000
0.999918 0.003102 -0.012452 0.082106 -0.012586 0.047855 -0.998775 0.238503 -0.002502 0.998849 0.047890 -0.057618 0.000000 0.000000 0.000000 1.000000
0.999910 0.003135 -0.013070 0.083311 -0.013210 0.050051 -0.998659 0.238619 -0.002476 0.998742 0.050088 -0.057547 0.000000 0.000000 0.000000 1.000000
0.999901 0.003515 -0.013614 0.084434 -0.013781 0.052836 -0.998508 0.238500 -0.002791 0.998597 0.052879 -0.057454 0.000000 0.000000 0.000000 1.000000
0.999893 0.004461 -0.013927 0.085360 -0.014156 0.056222 -0.998318 0.238063 -0.003670 0.998408 0.056280 -0.057234 0.000000 0.000000 0.000000 1.000000
0.999885 0.006004 -0.013919 0.086027 -0.014253 0.059853 -0.998105 0.237352 -0.005160 0.998189 0.059932 -0.056934 0.000000 0.000000 0.000000 1.000000
0.999876 0.007714 -0.013742 0.086502 -0.014198 0.062684 -0.997932 0.236564 -0.006837 0.998004 0.062786 -0.056679 0.000000 0.000000 0.000000 1.000000
0.999864 0.009104 -0.013721 0.086933 -0.014272 0.063605 -0.997873 0.235982 -0.008212 0.997934 0.063726 -0.056509 0.000000 0.000000 0.000000 1.000000
0.999849 0.010047 -0.014179 0.087444 -0.014779 0.062406 -0.997941 0.235814 -0.009141 0.998000 0.062545 -0.056326 0.000000 0.000000 0.000000 1.000000
0.999825 0.010656 -0.015352 0.088061 -0.015961 0.059720 -0.998088 0.236055 -0.009719 0.998158 0.059880 -0.056001 0.000000 0.000000 0.000000 1.000000
0.999790 0.011139 -0.017185 0.088716 -0.017785 0.056297 -0.998256 0.236526 -0.010152 0.998352 0.056483 -0.055536 0.000000 0.000000 0.000000 1.000000
0.999746 0.011720 -0.019236 0.089321 -0.019831 0.052959 -0.998400 0.236965 -0.010682 0.998528 0.053178 -0.055042 0.000000 0.000000 0.000000 1.000000
0.999702 0.012432 -0.020992 0.089852 -0.021598 0.050755 -0.998478 0.237093 -0.011347 0.998634 0.051008 -0.054571 0.000000 0.000000 0.000000 1.000000
0.999671 0.012995 -0.022112 0.090292 -0.022740 0.050320 -0.998474 0.236763 -0.011862 0.998649 0.050599 -0.054109 0.000000 0.000000 0.000000 1.000000
0.999664 0.013018 -0.022409 0.090546 -0.023049 0.051268 -0.998419 0.236065 -0.011848 0.998600 0.051550 -0.053676 0.000000 0.000000 0.000000 1.000000
0.999685 0.012297 -0.021900 0.090478 -0.022515 0.052407 -0.998372 0.235239 -0.011129 0.998550 0.052667 -0.053297 0.000000 0.000000 0.000000 1.000000
0.999724 0.010850 -0.020837 0.090058 -0.021381 0.052696 -0.998382 0.234511 -0.009734 0.998552 0.052913 -0.052928 0.000000 0.000000 0.000000 1.000000
0.999771 0.008814 -0.019522 0.089422 -0.019956 0.052189 -0.998438 0.234005 -0.007782 0.998598 0.052353 -0.052508 0.000000 0.000000 0.000000 1.000000
0.999817 0.006451 -0.018022 0.088756 -0.018335 0.052270 -0.998465 0.233704 -0.005499 0.998612 0.052379 -0.052018 0.000000 0.000000 0.000000 1.000000
0.999861 0.004106 -0.016167 0.088145 -0.016367 0.054549 -0.998377 0.233523 -0.003217 0.998503 0.054609 -0.051468 0.000000 0.000000 0.000000 1.000000
0.999902 0.002017 -0.013851 0.087588 -0.013946 0.059095 -0.998155 0.233558 -0.001194 0.998250 0.059117 -0.050948 0.000000 0.000000 0.000000 1.000000
0.999938 0.000185 -0.011165 0.087107 -0.011153 0.064519 -0.997854 0.234042 0.000536 0.997916 0.064517 -0.050621 0.000000 0.000000 0.000000 1.000000
0.999966 -0.001548 -0.008144 0.086729 -0.008015 0.070409 -0.997486 0.234850 0.002118 0.997517 0.070394 -0.050522 0.000000 0.000000 0.000000 1.000000
0.999984 -0.003227 -0.004613 0.086307 -0.004346 0.078084 -0.996937 0.235457 0.003577 0.996942 0.078069 -0.050624 0.000000 0.000000 0.000000 1.000000
0.999991 -0.004283 -0.000484 0.085653 -0.000107 0.087558 -0.996159 0.235611 0.004308 0.996150 0.087557 -0.050766 0.000000 0.000000 0.000000 1.000000
0.999984 -0.004278 0.003772 0.084681 0.004165 0.095909 -0.995381 0.235676 0.003897 0.995381 0.095925 -0.051048 0.000000 0.000000 0.000000 1.000000
0.999967 -0.003682 0.007303 0.083614 0.007637 0.100825 -0.994875 0.236062 0.002927 0.994897 0.100849 -0.051478 0.000000 0.000000 0.000000 1.000000
0.999948 -0.003382 0.009600 0.082854 0.009899 0.103879 -0.994541 0.236576 0.002366 0.994584 0.103907 -0.051743 0.000000 0.000000 0.000000 1.000000
0.999935 -0.003364 0.010912 0.082704 0.011212 0.108241 -0.994061 0.236832 0.002163 0.994119 0.108271 -0.051700 0.000000 0.000000 0.000000 1.000000
0.999925 -0.003301 0.011823 0.082987 0.012123 0.114295 -0.993373 0.236905 0.001928 0.993441 0.114327 -0.051270 0.000000 0.000000 0.000000 1.000000
0.999913 -0.003168 0.012786 0.083430 0.013073 0.119376 -0.992763 0.237306 0.001619 0.992844 0.119407 -0.050764 0.000000 0.000000 0.000000 1.000000
0.999900 -0.003297 0.013753 0.083776 0.014051 0.121372 -0.992508 0.238338 0.001603 0.992602 0.121406 -0.050476 0.000000 0.000000 0.000000 1.000000
0.999893 -0.003680 0.014155 0.083842 0.014497 0.121141 -0.992529 0.239782 0.001938 0.992628 0.121182 -0.050447 0.000000 0.000000 0.000000 1.000000
0.999901 -0.003919 0.013478 0.083689 0.013853 0.121008 -0.992555 0.241257 0.002259 0.992644 0.121051 -0.050513 0.000000 0.000000 0.000000 1.000000
0.999922 -0.003812 0.011917 0.083624 0.012294 0.122188 -0.992431 0.242631 0.002327 0.992500 0.122225 -0.050447 0.000000 0.000000 0.000000 1.000000
0.999942 -0.003545 0.010211 0.083893 0.010573 0.124570 -0.992155 0.243955 0.002245 0.992205 0.124600 -0.050120 0.000000 0.000000 0.000000 1.000000
0.999954 -0.003401 0.009019 0.084464 0.009380 0.127857 -0.991748 0.245258 0.002220 0.991787 0.127883 -0.049598 0.000000 0.000000 0.000000 1.000000
0.999956 -0.003694 0.008635 0.085112 0.009046 0.131695 -0.991249 0.246534 0.002524 0.991283 0.131723 -0.049086 0.000000 0.000000 0.000000 1.000000
0.999948 -0.004817 0.009026 0.085620 0.009595 0.135183 -0.990774 0.247794 0.003552 0.990809 0.135222 -0.048753 0.000000 0.000000 0.000000 1.000000
0.999926 -0.006874 0.010038 0.085879 0.010887 0.137343 -0.990464 0.249049 0.005430 0.990500 0.137407 -0.048648 0.000000 0.000000 0.000000 1.000000
0.999889 -0.009169 0.011710 0.085844 0.012864 0.138001 -0.990349 0.250316 0.007465 0.990390 0.138104 -0.048702 0.000000 0.000000 0.000000 1.000000
0.999841 -0.010763 0.014189 0.085443 0.015537 0.137782 -0.990341 0.251603 0.008704 0.990404 0.137928 -0.048809 0.000000 0.000000 0.000000 1.000000
0.999786 -0.011696 0.017075 0.084604 0.018520 0.137242 -0.990364 0.252842 0.009239 0.990468 0.137429 -0.048892 0.000000 0.000000 0.000000 1.000000
0.999729 -0.012773 0.019465 0.083373 0.021023 0.136119 -0.990469 0.253976 0.010002 0.990610 0.136351 -0.048945 0.000000 0.000000 0.000000 1.000000
0.999673 -0.014263 0.021237 0.081935 0.022957 0.133905 -0.990728 0.255164 0.011287 0.990892 0.134188 -0.048938 0.000000 0.000000 0.000000 1.000000
0.999595 -0.015736 0.023716 0.080507 0.025582 0.131475 -0.990989 0.256789 0.012476 0.991195 0.131824 -0.048732 0.000000 0.000000 0.000000 1.000000
0.999457 -0.017027 0.028200 0.079141 0.030194 0.131215 -0.990894 0.259121 0.013171 0.991208 0.131658 -0.048141 0.000000 0.000000 0.000000 1.000000
0.999238 -0.018455 0.034399 0.077721 0.036577 0.134744 -0.990205 0.262058 0.013639 0.990709 0.135316 -0.047113 0.000000 0.000000 0.000000 1.000000
0.998951 -0.020383 0.041012 0.076156 0.043500 0.142227 -0.988878 0.265032 0.014323 0.989624 0.142964 -0.045819 0.000000 0.000000 0.000000 1.000000
0.998626 -0.023099 0.047044 0.074731 0.050035 0.153093 -0.986944 0.267372 0.015595 0.987942 0.154038 -0.044463 0.000000 0.000000 0.000000 1.000000
0.998278 -0.026237 0.052469 0.073799 0.056096 0.165233 -0.984658 0.269182 0.017165 0.985906 0.166420 -0.043193 0.000000 0.000000 0.000000 1.000000
0.997909 -0.028155 0.058185 0.073024 0.062245 0.175838 -0.982449 0.271272 0.017430 0.984016 0.177222 -0.042094 0.000000 0.000000 0.000000 1.000000
0.997501 -0.027318 0.065155 0.071684 0.069083 0.183963 -0.980503 0.274087 0.014800 0.982554 0.185390 -0.041287 0.000000 0.000000 0.000000 1.000000
0.997033 -0.024359 0.073018 0.069603 0.076329 0.190269 -0.978760 0.277405 0.009948 0.981430 0.191563 -0.040812 0.000000 0.000000 0.000000 1.000000
0.996572 -0.021167 0.079982 0.067249 0.082580 0.195181 -0.977284 0.280940 0.005075 0.980539 0.196260 -0.040650 0.000000 0.000000 0.000000 1.000000
0.996260 -0.018994 0.084288 0.065158 0.086383 0.198580 -0.976270 0.284730 0.001805 0.979901 0.199478 -0.040738 0.000000 0.000000 0.000000 1.000000
0.996164 -0.018152 0.085603 0.063717 0.087505 0.200932 -0.975689 0.288848 0.000510 0.979437 0.201750 -0.040874 0.000000 0.000000 0.000000 1.000000
0.996208 -0.018520 0.085006 0.063147 0.086997 0.204059 -0.975085 0.292925 0.000713 0.978783 0.204897 -0.040800 0.000000 0.000000 0.000000 1.000000
0.996288 -0.019905 0.083745 0.063390 0.086059 0.209989 -0.973909 0.296213 0.001800 0.977501 0.210923 -0.040333 0.000000 0.000000 0.000000 1.000000
0.996352 -0.022261 0.082386 0.064124 0.085263 0.218710 -0.972058 0.298289 0.003621 0.975536 0.219810 -0.039559 0.000000 0.000000 0.000000 1.000000
0.996363 -0.025084 0.081433 0.065070 0.085014 0.227964 -0.969951 0.299545 0.005767 0.973346 0.229267 -0.038759 0.000000 0.000000 0.000000 1.000000
0.996281 -0.027152 0.081777 0.066226 0.085883 0.235961 -0.967960 0.300666 0.006986 0.971383 0.237415 -0.038151 0.000000 0.000000 0.000000 1.000000
0.996102 -0.027490 0.083811 0.067781 0.087989 0.243309 -0.965950 0.301945 0.006162 0.969559 0.244779 -0.037769 0.000000 0.000000 0.000000 1.000000
0.995872 -0.026124 0.086927 0.069787 0.090707 0.251359 -0.963634 0.303405 0.003324 0.967541 0.252691 -0.037577 0.000000 0.000000 0.000000 1.000000
0.995628 -0.023859 0.090304 0.072058 0.093401 0.259216 -0.961293 0.305270 -0.000473 0.965525 0.260311 -0.037626 0.000000 0.000000 0.000000 1.000000
0.995392 -0.021710 0.093397 0.074485 0.095811 0.263973 -0.959760 0.307800 -0.003818 0.964286 0.264836 -0.037913 0.000000 0.000000 0.000000 1.000000
0.995173 -0.020631 0.095942 0.077063 0.097977 0.264442 -0.959412 0.310804 -0.005578 0.964181 0.265187 -0.038353 0.000000 0.000000 0.000000 1.000000
0.994954 -0.021053 0.098097 0.079680 0.100176 0.262847 -0.959623 0.313737 -0.005582 0.964608 0.263630 -0.038787 0.000000 0.000000 0.000000 1.000000
0.994724 -0.022750 0.100034 0.082219 0.102495 0.262077 -0.959589 0.316190 -0.004386 0.964779 0.263026 -0.039114 0.000000 0.000000 0.000000 1.000000
0.994531 -0.025171 0.101360 0.084755 0.104409 0.262766 -0.959194 0.318049 -0.002490 0.964531 0.263957 -0.039350 0.000000 0.000000 0.000000 1.000000
0.994468 -0.027609 0.101348 0.087340 0.105041 0.264136 -0.958749 0.319399 -0.000299 0.964090 0.265574 -0.039582 0.000000 0.000000 0.000000 1.000000
0.994599 -0.029173 0.099604 0.089705 0.103778 0.266039 -0.958360 0.320476 0.001460 0.963521 0.267629 -0.039846 0.000000 0.000000 0.000000 1.000000
0.994941 -0.029429 0.096058 0.091397 0.100437 0.268475 -0.958036 0.321551 0.002405 0.962837 0.270072 -0.040313 0.000000 0.000000 0.000000 1.000000
0.995413 -0.028976 0.091182 0.092195 0.095626 0.270682 -0.957908 0.322802 0.003075 0.962233 0.272211 -0.041351 0.000000 0.000000 0.000000 1.000000
0.995836 -0.028813 0.086484 0.092303 0.091067 0.272044 -0.957966 0.324332 0.004074 0.961853 0.273535 -0.043221 0.000000 0.000000 0.000000 1.000000
0.996058 -0.028957 0.083841 0.092271 0.088567 0.272955 -0.957941 0.326328 0.004854 0.961591 0.274444 -0.045238 0.000000 0.000000 0.000000 1.000000
0.996086 -0.029110 0.083456 0.092365 0.088245 0.274024 -0.957666 0.329187 0.005008 0.961282 0.275520 -0.046473 0.000000 0.000000 0.000000 1.000000
0.996049 -0.029653 0.083704 0.092530 0.088645 0.276195 -0.957005 0.333206 0.005259 0.960644 0.277733 -0.046349 0.000000 0.000000 0.000000 1.000000
0.996027 -0.031070 0.083457 0.092771 0.088838 0.281685 -0.955385 0.338306 0.006176 0.959004 0.283327 -0.045196 0.000000 0.000000 0.000000 1.000000
0.995961 -0.032681 0.083632 0.093310 0.089535 0.291271 -0.952441 0.344376 0.006767 0.956082 0.293021 -0.043771 0.000000 0.000000 0.000000 1.000000
0.995772 -0.033081 0.085699 0.094417 0.091696 0.301792 -0.948954 0.351794 0.005529 0.952800 0.303550 -0.042434 0.000000 0.000000 0.000000 1.000000
0.995482 -0.031887 0.089435 0.095823 0.094919 0.310212 -0.945917 0.361334 0.002419 0.950133 0.311837 -0.041115 0.000000 0.000000 0.000000 1.000000
0.995188 -0.029712 0.093373 0.096362 0.097973 0.317434 -0.943206 0.373787 -0.001615 0.947815 0.318817 -0.040394 0.000000 0.000000 0.000000 1.000000
0.994925 -0.026853 0.096975 0.095115 0.100425 0.325505 -0.940192 0.389186 -0.006319 0.945159 0.326550 -0.041270 0.000000 0.000000 0.000000 1.000000
0.994533 -0.023089 0.101837 0.092832 0.103680 0.334345 -0.936731 0.405916 -0.012420 0.942168 0.334911 -0.043475 0.000000 0.000000 0.000000 1.000000
0.993813 -0.019152 0.109404 0.090760 0.109335 0.341993 -0.933320 0.421652 -0.019541 0.939507 0.341971 -0.046305 0.000000 0.000000 0.000000 1.000000
0.992913 -0.016318 0.117721 0.089169 0.116041 0.347081 -0.930629 0.435512 -0.025672 0.937693 0.346514 -0.049347 0.000000 0.000000 0.000000 1.000000
0.992311 -0.015189 0.122834 0.087388 0.120327 0.350839 -0.928673 0.448375 -0.028989 0.936313 0.349969 -0.052614 0.000000 0.000000 0.000000 1.000000
0.992139 -0.015168 0.124219 0.085449 0.121511 0.354115 -0.927274 0.461355 -0.029923 0.935079 0.353174 -0.056473 0.000000 0.000000 0.000000 1.000000
0.992004 -0.015864 0.125207 0.084278 0.122677 0.354218 -0.927082 0.474981 -0.029643 0.935028 0.353332 -0.060956 0.000000 0.000000 0.000000 1.000000
0.991617 -0.016810 0.128111 0.084143 0.125843 0.350477 -0.928078 0.489348 -0.029299 0.936420 0.349655 -0.066072 0.000000 0.000000 0.000000 1.000000
0.991292 -0.016278 0.130675 0.083499 0.128080 0.349770 -0.928039 0.504091 -0.030599 0.936694 0.348809 -0.071243 0.000000 0.000000 0.000000 1.000000
0.991554 -0.012295 0.129110 0.080813 0.124904 0.358581 -0.925105 0.518824 -0.034922 0.933418 0.357089 -0.075684 0.000000 0.000000 0.000000 1.000000
0.992370 -0.005701 0.123165 0.076326 0.116422 0.372232 -0.920809 0.534176 -0.040596 0.928122 0.370056 -0.079653 0.000000 0.000000 0.000000 1.000000
0.993223 -0.000261 0.116226 0.071124 0.107592 0.380297 -0.918585 0.551200 -0.043960 0.924865 0.377747 -0.084452 0.000000 0.000000 0.000000 1.000000
0.993671 0.001088 0.112326 0.065974 0.103475 0.380305 -0.919055 0.569746 -0.043718 0.924861 0.377785 -0.090773 0.000000 0.000000 0.000000 1.000000
0.993579 -0.001200 0.113132 0.061061 0.105153 0.378794 -0.919488 0.588437 -0.041751 0.925480 0.376488 -0.097665 0.000000 0.000000 0.000000 1.000000
0.993107 -0.004619 0.117120 0.055900 0.110071 0.380190 -0.918335 0.606275 -0.040286 0.924897 0.378078 -0.103682 0.000000 0.000000 0.000000 1.000000
0.992461 -0.006471 0.122389 0.049778 0.115562 0.382020 -0.916900 0.623184 -0.040822 0.924131 0.379888 -0.108799 0.000000 0.000000 0.000000 1.000000
0.991606 -0.005505 0.129182 0.042139 0.121487 0.381673 -0.916279 0.639033 -0.044261 0.924281 0.379138 -0.113474 0.000000 0.000000 0.000000 1.000000
0.990342 -0.002025 0.138630 0.032931 0.128953 0.380738 -0.915647 0.653561 -0.050927 0.924681 0.377322 -0.117540 0.000000 0.000000 0.000000 1.000000
0.988735 0.002139 0.149664 0.022491 0.137568 0.381042 -0.914266 0.667281 -0.058984 0.924555 0.376455 -0.120132 0.000000 0.000000 0.000000 1.000000
0.987152 0.005308 0.159698 0.011244 0.145629 0.381416 -0.912861 0.681698 -0.065756 0.924388 0.375742 -0.120977 0.000000 0.000000 0.000000 1.000000
0.985721 0.007364 0.168223 -0.000659 0.152873 0.379685 -0.912397 0.698278 -0.070591 0.925086 0.373138 -0.120852 0.000000 0.000000 0.000000 1.000000
0.984022 0.009070 0.177814 -0.013358 0.161491 0.375063 -0.912824 0.717689 -0.074971 0.926955 0.367606 -0.120802 0.000000 0.000000 0.000000 1.000000
0.980999 0.011272 0.193686 -0.026565 0.175666 0.372174 -0.911388 0.740404 -0.082358 0.928095 0.363122 -0.123867 0.000000 0.000000 0.000000 1.000000
0.976611 0.013159 0.214612 -0.040410 0.195101 0.365284 -0.910221 0.766366 -0.090372 0.930803 0.354173 -0.127936 0.000000 0.000000 0.000000 1.000000
0.970598 0.014179 0.240287 -0.054788 0.219744 0.355239 -0.908580 0.796073 -0.098242 0.934668 0.341679 -0.130450 0.000000 0.000000 0.000000 1.000000
0.962411 0.012799 0.271295 -0.069664 0.250406 0.345006 -0.904582 0.828848 -0.105176 0.938513 0.328833 -0.129733 0.000000 0.000000 0.000000 1.000000
0.950843 0.008245 0.309563 -0.085532 0.289109 0.334567 -0.896929 0.863925 -0.110965 0.942336 0.315737 -0.125988 0.000000 0.000000 0.000000 1.000000
0.933948 0.003360 0.357394 -0.102825 0.337475 0.320999 -0.884913 0.900176 -0.117697 0.947074 0.298662 -0.121023 0.000000 0.000000 0.000000 1.000000
0.910768 0.001334 0.412917 -0.119662 0.393000 0.304036 -0.867821 0.934856 -0.126699 0.952660 0.276382 -0.118184 0.000000 0.000000 0.000000 1.000000
0.883988 0.000559 0.467509 -0.131900 0.447268 0.290055 -0.846061 0.965180 -0.136076 0.957010 0.256155 -0.118661 0.000000 0.000000 0.000000 1.000000
0.860038 -0.004747 0.510208 -0.139701 0.490105 0.285757 -0.823493 0.994339 -0.141887 0.958290 0.248089 -0.117251 0.000000 0.000000 0.000000 1.000000
0.844239 -0.018828 0.535637 -0.146842 0.517086 0.291538 -0.804753 1.026260 -0.141007 0.956374 0.255863 -0.113971 0.000000 0.000000 0.000000 1.000000
0.837234 -0.037082 0.545586 -0.153628 0.529733 0.302630 -0.792337 1.058472 -0.135730 0.952386 0.273016 -0.113111 0.000000 0.000000 0.000000 1.000000
0.837252 -0.051506 0.544385 -0.157900 0.531297 0.312124 -0.787592 1.085955 -0.129350 0.948644 0.288692 -0.115530 0.000000 0.000000 0.000000 1.000000
0.842166 -0.059829 0.535889 -0.157987 0.525007 0.317647 -0.789600 1.105930 -0.122983 0.946320 0.298922 -0.118782 0.000000 0.000000 0.000000 1.000000
0.850948 -0.065132 0.521196 -0.152266 0.512242 0.322369 -0.796044 1.115953 -0.116170 0.944371 0.307682 -0.120412 0.000000 0.000000 0.000000 1.000000
0.860151 -0.071293 0.505031 -0.143861 0.498315 0.328553 -0.802331 1.121189 -0.108729 0.941791 0.318132 -0.120825 0.000000 0.000000 0.000000 1.000000
0.866307 -0.079334 0.493171 -0.136275 0.489181 0.334504 -0.805487 1.127145 -0.101065 0.939049 0.328592 -0.120781 0.000000 0.000000 0.000000 1.000000
0.869252 -0.086846 0.486681 -0.130855 0.485320 0.337408 -0.806611 1.133362 -0.094160 0.937344 0.335441 -0.120144 0.000000 0.000000 0.000000 1.000000
0.870833 -0.091123 0.483060 -0.127589 0.483591 0.335236 -0.808552 1.139177 -0.088262 0.937717 0.336001 -0.119469 0.000000 0.000000 0.000000 1.000000
0.872953 -0.091335 0.479178 -0.125117 0.480778 0.327232 -0.813493 1.144946 -0.082502 0.940519 0.329570 -0.119424 0.000000 0.000000 0.000000 1.000000
0.876279 -0.089034 0.473506 -0.122464 0.475716 0.315616 -0.821024 1.151221 -0.076347 0.944701 0.318923 -0.119771 0.000000 0.000000 0.000000 1.000000
0.880310 -0.086830 0.466384 -0.119682 0.469141 0.305304 -0.828672 1.157683 -0.070435 0.948288 0.309498 -0.119670 0.000000 0.000000 0.000000 1.000000
0.884154 -0.086543 0.459110 -0.116905 0.462589 0.299833 -0.834333 1.163479 -0.065450 0.950058 0.305132 -0.118783 0.000000 0.000000 0.000000 1.000000
0.887586 -0.089110 0.451940 -0.114017 0.456663 0.298884 -0.837930 1.167820 -0.060410 0.950120 0.305979 -0.117621 0.000000 0.000000 0.000000 1.000000
0.890490 -0.093641 0.445263 -0.111119 0.451612 0.301146 -0.839856 1.170741 -0.055444 0.948969 0.310457 -0.116978 0.000000 0.000000 0.000000 1.000000
0.893204 -0.098660 0.438695 -0.108496 0.446774 0.304931 -0.841077 1.172779 -0.050791 0.947250 0.316444 -0.117167 0.000000 0.000000 0.000000 1.000000
0.895972 -0.103703 0.431834 -0.105869 0.441736 0.308529 -0.842425 1.174690 -0.045872 0.945545 0.322243 -0.117643 0.000000 0.000000 0.000000 1.000000
0.898364 -0.109659 0.425342 -0.102574 0.437440 0.311193 -0.843686 1.177129 -0.039846 0.943999 0.327534 -0.117895 0.000000 0.000000 0.000000 1.000000
0.899824 -0.117337 0.420177 -0.098259 0.435034 0.313301 -0.844149 1.180641 -0.032592 0.942377 0.332961 -0.117961 0.000000 0.000000 0.000000 1.000000
0.900416 -0.126042 0.416371 -0.093053 0.434329 0.314783 -0.843961 1.186297 -0.024692 0.940758 0.338179 -0.118038 0.000000 0.000000 0.000000 1.000000
0.900856 -0.133435 0.413103 -0.087119 0.433791 0.313629 -0.844667 1.195971 -0.016853 0.940123 0.340417 -0.118037 0.000000 0.000000 0.000000 1.000000
0.902031 -0.136852 0.409403 -0.080344 0.431554 0.307961 -0.847892 1.211220 -0.010044 0.941505 0.336850 -0.117433 0.000000 0.000000 0.000000 1.000000
0.904441 -0.135721 0.404432 -0.072613 0.426569 0.298731 -0.853697 1.232179 -0.004952 0.944637 0.328079 -0.115794 0.000000 0.000000 0.000000 1.000000
0.907948 -0.132261 0.397664 -0.063984 0.419082 0.287810 -0.861125 1.258023 -0.000559 0.948511 0.316745 -0.113444 0.000000 0.000000 0.000000 1.000000
0.912094 -0.128637 0.389278 -0.054552 0.409955 0.275339 -0.869555 1.287569 0.004673 0.952702 0.303870 -0.111054 0.000000 0.000000 0.000000 1.000000
0.916565 -0.125034 0.379836 -0.044524 0.399740 0.260781 -0.878750 1.318855 0.010819 0.957267 0.289004 -0.109240 0.000000 0.000000 0.000000 1.000000
0.921090 -0.121163 0.370016 -0.033997 0.388984 0.245245 -0.888001 1.349514 0.016848 0.961860 0.273024 -0.108094 0.000000 0.000000 0.000000 1.000000
0.924857 -0.117935 0.361567 -0.022590 0.379700 0.232274 -0.895476 1.377860 0.021625 0.965474 0.259600 -0.107311 0.000000 0.000000 0.000000 1.000000
0.927050 -0.116999 0.356216 -0.009703 0.374116 0.225797 -0.899474 1.403680 0.024805 0.967123 0.253096 -0.106891 0.000000 0.000000 0.000000 1.000000
0.927983 -0.119466 0.352953 0.004491 0.371580 0.225865 -0.900507 1.428392 0.027860 0.966805 0.253990 -0.107904 0.000000 0.000000 0.000000 1.000000
0.928543 -0.123725 0.349999 0.019123 0.369902 0.228875 -0.900438 1.454325 0.031301 0.965561 0.258286 -0.111418 0.000000 0.000000 0.000000 1.000000
0.929561 -0.125827 0.346531 0.033504 0.367141 0.230474 -0.901160 1.484058 0.033524 0.964909 0.260436 -0.116742 0.000000 0.000000 0.000000 1.000000
0.931677 -0.123622 0.341608 0.047767 0.361717 0.228300 -0.903903 1.517206 0.033753 0.965711 0.257418 -0.122477 0.000000 0.000000 0.000000 1.000000
0.934977 -0.117923 0.334533 0.062212 0.353227 0.223423 -0.908467 1.552594 0.032387 0.967562 0.250548 -0.129185 0.000000 0.000000 0.000000 1.000000
0.939443 -0.109566 0.324720 0.076971 0.341466 0.218715 -0.914093 1.587613 0.029132 0.969618 0.242883 -0.139163 0.000000 0.000000 0.000000 1.000000
0.945392 -0.098650 0.310647 0.091335 0.325049 0.215158 -0.920896 1.620279 0.024009 0.971584 0.235475 -0.154032 0.000000 0.000000 0.000000 1.000000
0.952435 -0.087509 0.291908 0.103886 0.304189 0.215317 -0.927959 1.651651 0.018352 0.972616 0.231694 -0.172338 0.000000 0.000000 0.000000 1.000000
0.959458 -0.078925 0.270576 0.113643 0.281570 0.225521 -0.932662 1.684350 0.012590 0.971036 0.238601 -0.189821 0.000000 0.000000 0.000000 1.000000
0.965790 -0.072064 0.249111 0.120263 0.259251 0.245348 -0.934127 1.720471 0.006198 0.966753 0.255637 -0.204174 0.000000 0.000000 0.000000 1.000000
0.971729 -0.064058 0.227244 0.123897 0.236100 0.264865 -0.934935 1.760667 -0.000299 0.962155 0.272502 -0.217015 0.000000 0.000000 0.000000 1.000000
0.977550 -0.053666 0.203754 0.124335 0.210611 0.277350 -0.937401 1.802562 -0.006205 0.959269 0.282426 -0.232733 0.000000 0.000000 0.000000 1.000000
0.983200 -0.041165 0.177827 0.122192 0.182131 0.285650 -0.940868 1.845958 -0.012066 0.957449 0.288349 -0.249772 0.000000 0.000000 0.000000 1.000000
0.988408 -0.026406 0.149507 0.117773 0.150614 0.294505 -0.943707 1.890203 -0.019111 0.955285 0.295068 -0.265149 0.000000 0.000000 0.000000 1.000000
0.992698 -0.009014 0.120289 0.110472 0.117263 0.305958 -0.944796 1.933054 -0.028287 0.952002 0.304781 -0.278778 0.000000 0.000000 0.000000 1.000000
0.995627 0.009632 0.092915 0.098477 0.084851 0.322743 -0.942676 1.971140 -0.039068 0.946438 0.320514 -0.292297 0.000000 0.000000 0.000000 1.000000
0.997160 0.027209 0.070221 0.079163 0.056384 0.348371 -0.935659 1.999284 -0.049921 0.936962 0.345848 -0.306461 0.000000 0.000000 0.000000 1.000000
0.997478 0.043392 0.056162 0.051068 0.035242 0.384045 -0.922641 2.012489 -0.061604 0.922294 0.381548 -0.320085 0.000000 0.000000 0.000000 1.000000
0.996613 0.059692 0.056567 0.015174 0.025538 0.429211 -0.902843 2.007999 -0.078171 0.901230 0.426233 -0.330731 0.000000 0.000000 0.000000 1.000000
0.994121 0.074817 0.078264 -0.026173 0.032536 0.483005 -0.875013 1.983744 -0.103268 0.872415 0.477731 -0.335832 0.000000 0.000000 0.000000 1.000000
0.989255 0.085189 0.118818 -0.068216 0.054150 0.541407 -0.839015 1.948545 -0.135804 0.836434 0.530976 -0.335314 0.000000 0.000000 0.000000 1.000000
0.982171 0.090248 0.164912 -0.107241 0.079496 0.595551 -0.799374 1.915351 -0.170356 0.798232 0.577758 -0.331019 0.000000 0.000000 0.000000 1.000000
0.975098 0.092895 0.201383 -0.141202 0.097053 0.637740 -0.764113 1.895272 -0.199412 0.764629 0.612843 -0.324824 0.000000 0.000000 0.000000 1.000000
0.970638 0.094181 0.221341 -0.168134 0.103402 0.667446 -0.737444 1.893703 -0.217187 0.738678 0.638110 -0.318553 0.000000 0.000000 0.000000 1.000000
0.969374 0.092152 0.227645 -0.186654 0.102744 0.689745 -0.716725 1.907489 -0.223065 0.718164 0.659153 -0.313532 0.000000 0.000000 0.000000 1.000000
0.970121 0.085812 0.226938 -0.197373 0.100203 0.710151 -0.696883 1.928389 -0.220961 0.698801 0.680334 -0.310165 0.000000 0.000000 0.000000 1.000000
0.971308 0.077131 0.224972 -0.202501 0.098220 0.731412 -0.674826 1.948783 -0.216597 0.677560 0.702850 -0.308284 0.000000 0.000000 0.000000 1.000000
0.971943 0.068727 0.224951 -0.204202 0.097203 0.753520 -0.650199 1.965043 -0.214191 0.653823 0.725698 -0.307730 0.000000 0.000000 0.000000 1.000000
0.971870 0.060940 0.227498 -0.203487 0.097458 0.775306 -0.624022 1.976775 -0.214408 0.628639 0.747557 -0.308248 0.000000 0.000000 0.000000 1.000000
0.971416 0.052281 0.231554 -0.200345 0.099537 0.795844 -0.597264 1.984514 -0.215507 0.603240 0.767892 -0.309338 0.000000 0.000000 0.000000 1.000000
0.971135 0.042014 0.234803 -0.194677 0.102798 0.814545 -0.570919 1.988972 -0.215244 0.578576 0.786714 -0.310232 0.000000 0.000000 0.000000 1.000000
0.971646 0.031093 0.234389 -0.186993 0.105023 0.831402 -0.545656 1.991471 -0.211838 0.554801 0.804562 -0.310232 0.000000 0.000000 0.000000 1.000000
0.973177 0.021079 0.229088 -0.178154 0.104396 0.846898 -0.521407 1.993575 -0.205005 0.531338 0.821981 -0.309245 0.000000 0.000000 0.000000 1.000000
0.975386 0.012353 0.220159 -0.168617 0.101613 0.860919 -0.498491 1.996205 -0.195697 0.508592 0.838473 -0.307279 0.000000 0.000000 0.000000 1.000000
0.977709 0.003632 0.209933 -0.158267 0.099019 0.873707 -0.476268 1.999741 -0.185150 0.486439 0.853872 -0.304091 0.000000 0.000000 0.000000 1.000000
0.979797 -0.006442 0.199891 -0.146976 0.098028 0.886653 -0.451926 2.004365 -0.174323 0.462391 0.869371 -0.299713 0.000000 0.000000 0.000000 1.000000
0.981618 -0.017912 0.190013 -0.134994 0.098273 0.900899 -0.422758 2.010230 -0.163610 0.433660 0.886099 -0.294432 0.000000 0.000000 0.000000 1.000000
0.983288 -0.029192 0.179700 -0.122877 0.098385 0.915720 -0.389585 2.017312 -0.153182 0.400754 0.903289 -0.288231 0.000000 0.000000 0.000000 1.000000
0.984854 -0.037647 0.169251 -0.111214 0.097039 0.928625 -0.358105 2.024951 -0.143689 0.369105 0.918213 -0.280996 0.000000 0.000000 0.000000 1.000000
0.986540 -0.043077 0.157742 -0.100376 0.093902 0.939000 -0.330850 2.032402 -0.133868 0.341210 0.930406 -0.273418 0.000000 0.000000 0.000000 1.000000
0.988333 -0.046935 0.144895 -0.090248 0.089799 0.947964 -0.305453 2.039333 -0.123019 0.314900 0.941119 -0.265984 0.000000 0.000000 0.000000 1.000000
0.990062 -0.050453 0.131272 -0.080620 0.085792 0.956305 -0.279501 2.045708 -0.111434 0.287986 0.951129 -0.258126 0.000000 0.000000 0.000000 1.000000
0.991639 -0.053738 0.117324 -0.071519 0.082181 0.963945 -0.253093 2.051808 -0.099493 0.260619 0.960301 -0.248909 0.000000 0.000000 0.000000 1.000000
0.993067 -0.056313 0.103184 -0.063146 0.078648 0.970673 -0.227177 2.058269 -0.087365 0.233717 0.968372 -0.238109 0.000000 0.000000 0.000000 1.000000
