<?xml version="1.0" encoding="utf-8"?>
<COLLADA xmlns="http://www.collada.org/2005/11/COLLADASchema" version="1.4.1">
  <asset>
    <contributor>
      <author>Mixamo</author>
      <authoring_tool>COLLADA Mixamo exporter</authoring_tool>
      <comments/>
    </contributor>
    <created>2018-01-05T20:43:33Z</created>
    <modified>2018-01-05T20:43:33Z</modified>
    <revision/>
    <title/>
    <unit meter="0.010000"/>
    <up_axis>Y_UP</up_axis>
  </asset>
  <library_animations>
    <animation>
      <source id="mixamorig_Hips-Matrix-animation-input">
        <float_array id="mixamorig_Hips-Matrix-animation-input-array" count="130">

0.000000 0.033333 0.066667 0.100000 0.133333 0.166667 0.200000 0.233333 0.266667 0.300000 0.333333 0.366667 0.400000 0.433333 0.466667 0.500000
0.533333 0.566667 0.600000 0.633333 0.666667 0.700000 0.733333 0.766667 0.800000 0.833333 0.866667 0.900000 0.933333 0.966667 1.000000 1.033333
1.066667 1.100000 1.133333 1.166667 1.200000 1.233333 1.266667 1.300000 1.333333 1.366667 1.400000 1.433333 1.466667 1.500000 1.533333 1.566667
1.600000 1.633333 1.666667 1.700000 1.733333 1.766667 1.800000 1.833333 1.866667 1.900000 1.933333 1.966667 2.000000 2.033333 2.066667 2.100000
2.133333 2.166667 2.200000 2.233333 2.266667 2.300000 2.333333 2.366667 2.400000 2.433333 2.466667 2.500000 2.533333 2.566667 2.600000 2.633333
2.666667 2.700000 2.733333 2.766667 2.800000 2.833333 2.866667 2.900000 2.933333 2.966667 3.000000 3.033333 3.066667 3.100000 3.133333 3.166667
3.200000 3.233333 3.266667 3.300000 3.333333 3.366667 3.400000 3.433333 3.466667 3.500000 3.533333 3.566667 3.600000 3.633333 3.666667 3.700000
3.733333 3.766667 3.800000 3.833333 3.866667 3.900000 3.933333 3.966667 4.000000 4.033333 4.066667 4.100000 4.133333 4.166667 4.200000 4.233333
4.266667 4.300000</float_array>
        <technique_common>
          <accessor source="#mixamorig_Hips-Matrix-animation-input-array" count="130">
            <param name="TIME" type="float"/>
          </accessor>
        </technique_common>
      </source>
      <source id="mixamorig_Hips-Matrix-animation-output-transform">
        <float_array id="mixamorig_Hips-Matrix-animation-output-transform-array" count="2080">

0.999567 0.004834 -0.029024 -0.002812 -0.003387 0.998758 0.049702 2.159823 0.029228 -0.049582 0.998342 0.008770 0.000000 0.000000 0.000000 1.000000
0.999565 0.005161 -0.029041 -0.001256 -0.003727 0.998781 0.049215 2.159395 0.029260 -0.049085 0.998366 0.010975 0.000000 0.000000 0.000000 1.000000
0.999560 0.005595 -0.029129 0.000184 -0.004167 0.998798 0.048839 2.159189 0.029367 -0.048696 0.998382 0.013136 0.000000 0.000000 0.000000 1.000000
0.999550 0.006080 -0.029391 0.001563 -0.004649 0.998812 0.048502 2.158930 0.029651 -0.048343 0.998391 0.015214 0.000000 0.000000 0.000000 1.000000
0.999539 0.006591 -0.029648 0.003027 -0.005153 0.998819 0.048310 2.158535 0.029931 -0.048135 0.998392 0.017335 0.000000 0.000000 0.000000 1.000000
0.999519 0.007085 -0.030183 0.004565 -0.005630 0.998830 0.048023 2.158045 0.030488 -0.047830 0.998390 0.019361 0.000000 0.000000 0.000000 1.000000
0.999496 0.007688 -0.030788 0.006380 -0.006209 0.998835 0.047851 2.157466 0.031120 -0.047636 0.998380 0.021505 0.000000 0.000000 0.000000 1.000000
0.999472 0.008491 -0.031365 0.008445 -0.006988 0.998837 0.047703 2.156780 0.031734 -0.047458 0.998369 0.023815 0.000000 0.000000 0.000000 1.000000
0.999441 0.009527 -0.032056 0.010788 -0.008001 0.998844 0.047394 2.155939 0.032470 -0.047111 0.998362 0.026150 0.000000 0.000000 0.000000 1.000000
0.999402 0.010738 -0.032883 0.013531 -0.009186 0.998853 0.046997 2.154893 0.033350 -0.046667 0.998354 0.028576 0.000000 0.000000 0.000000 1.000000
0.999363 0.011645 -0.033724 0.017071 -0.010072 0.998870 0.046449 2.153592 0.034226 -0.046080 0.998351 0.031166 0.000000 0.000000 0.000000 1.000000
0.999328 0.012694 -0.034382 0.021252 -0.011106 0.998880 0.046001 2.152044 0.034928 -0.045589 0.998350 0.033984 0.000000 0.000000 0.000000 1.000000
0.999306 0.013967 -0.034519 0.026233 -0.012393 0.998892 0.045395 2.150126 0.035114 -0.044936 0.998373 0.036963 0.000000 0.000000 0.000000 1.000000
0.999311 0.015171 -0.033871 0.032191 -0.013655 0.998914 0.044544 2.147546 0.034510 -0.044050 0.998433 0.040034 0.000000 0.000000 0.000000 1.000000
0.999340 0.016664 -0.032290 0.038945 -0.015254 0.998940 0.043431 2.144066 0.032979 -0.042910 0.998534 0.043034 0.000000 0.000000 0.000000 1.000000
0.999396 0.018053 -0.029679 0.046721 -0.016803 0.998984 0.041826 2.139969 0.030404 -0.041302 0.998684 0.045801 0.000000 0.000000 0.000000 1.000000
0.999458 0.020278 -0.025940 0.055206 -0.019225 0.999006 0.040223 2.136222 0.026729 -0.039702 0.998854 0.048520 0.000000 0.000000 0.000000 1.000000
0.999533 0.022321 -0.020857 0.063961 -0.021513 0.999038 0.038203 2.132199 0.021689 -0.037736 0.999052 0.051014 0.000000 0.000000 0.000000 1.000000
0.999620 0.024195 -0.013229 0.072090 -0.023708 0.999078 0.035805 2.126654 0.014083 -0.035478 0.999271 0.052745 0.000000 0.000000 0.000000 1.000000
0.999618 0.027562 -0.002041 0.079359 -0.027481 0.999091 0.032583 2.120418 0.002937 -0.032514 0.999467 0.054150 0.000000 0.000000 0.000000 1.000000
0.999369 0.032892 0.013389 0.085267 -0.033261 0.999045 0.028335 2.113783 -0.012444 -0.028763 0.999509 0.055727 0.000000 0.000000 0.000000 1.000000
0.998675 0.039924 0.032485 0.089773 -0.040654 0.998928 0.022126 2.107016 -0.031567 -0.023417 0.999227 0.057427 0.000000 0.000000 0.000000 1.000000
0.997373 0.047895 0.054345 0.093050 -0.048695 0.998722 0.013497 2.100357 -0.053629 -0.016108 0.998431 0.059329 0.000000 0.000000 0.000000 1.000000
0.995294 0.056238 0.078907 0.094642 -0.056635 0.998391 0.002798 2.093162 -0.078623 -0.007254 0.996878 0.061485 0.000000 0.000000 0.000000 1.000000
0.992077 0.065703 0.107083 0.094156 -0.064984 0.997834 -0.010193 2.085167 -0.107521 0.003153 0.994198 0.064339 0.000000 0.000000 0.000000 1.000000
0.987308 0.076824 0.139003 0.091311 -0.074027 0.996938 -0.025193 2.077912 -0.140513 0.014583 0.989971 0.068703 0.000000 0.000000 0.000000 1.000000
0.980347 0.090517 0.175291 0.085764 -0.084075 0.995494 -0.043849 2.071042 -0.178470 0.028250 0.983540 0.074476 0.000000 0.000000 0.000000 1.000000
0.971139 0.105229 0.214048 0.078143 -0.093342 0.993514 -0.064933 2.064036 -0.219492 0.043080 0.974663 0.082133 0.000000 0.000000 0.000000 1.000000
0.960007 0.119607 0.253141 0.069132 -0.099976 0.990993 -0.089089 2.056171 -0.261516 0.060219 0.963319 0.091028 0.000000 0.000000 0.000000 1.000000
0.947136 0.133013 0.291960 0.058948 -0.103401 0.988006 -0.114682 2.047649 -0.303712 0.078431 0.949530 0.101451 0.000000 0.000000 0.000000 1.000000
0.933129 0.143704 0.329575 0.047161 -0.101531 0.984664 -0.141874 2.038093 -0.344909 0.098924 0.933409 0.114001 0.000000 0.000000 0.000000 1.000000
0.918058 0.151855 0.366209 0.033654 -0.094664 0.980979 -0.169465 2.027294 -0.384978 0.120912 0.914971 0.129585 0.000000 0.000000 0.000000 1.000000
0.902694 0.157772 0.400314 0.018501 -0.084051 0.977084 -0.195556 2.016029 -0.421994 0.142881 0.895269 0.148812 0.000000 0.000000 0.000000 1.000000
0.887253 0.161394 0.432128 0.001787 -0.069871 0.973007 -0.219945 2.003956 -0.455961 0.164954 0.874580 0.171671 0.000000 0.000000 0.000000 1.000000
0.871912 0.163190 0.461670 -0.015934 -0.052928 0.968717 -0.242460 1.991487 -0.486794 0.186969 0.853273 0.197446 0.000000 0.000000 0.000000 1.000000
0.857483 0.163406 0.487874 -0.034381 -0.034700 0.964434 -0.262036 1.978035 -0.513340 0.207762 0.832656 0.225118 0.000000 0.000000 0.000000 1.000000
0.845729 0.162285 0.508336 -0.052489 -0.017149 0.960406 -0.278075 1.963527 -0.533337 0.226459 0.815027 0.252791 0.000000 0.000000 0.000000 1.000000
0.839591 0.160697 0.518906 -0.068964 -0.003477 0.956813 -0.290684 1.949001 -0.543208 0.242252 0.803890 0.278704 0.000000 0.000000 0.000000 1.000000
0.840702 0.158590 0.517754 -0.083070 0.005120 0.953780 -0.300461 1.934677 -0.541474 0.255249 0.801033 0.302530 0.000000 0.000000 0.000000 1.000000
0.847842 0.155493 0.506937 -0.094573 0.010596 0.950878 -0.309386 1.921080 -0.530143 0.267682 0.804546 0.325070 0.000000 0.000000 0.000000 1.000000
0.857956 0.152810 0.490470 -0.103619 0.015506 0.946597 -0.322045 1.910312 -0.513490 0.283905 0.809769 0.347030 0.000000 0.000000 0.000000 1.000000
0.868484 0.152999 0.471515 -0.110416 0.019178 0.940096 -0.340370 1.904077 -0.495346 0.304648 0.813524 0.369054 0.000000 0.000000 0.000000 1.000000
0.878909 0.157851 0.450114 -0.115310 0.018077 0.931954 -0.362126 1.900271 -0.476647 0.326412 0.816249 0.390796 0.000000 0.000000 0.000000 1.000000
0.888383 0.164652 0.428563 -0.119851 0.014125 0.923232 -0.383982 1.896357 -0.458886 0.347177 0.817858 0.411029 0.000000 0.000000 0.000000 1.000000
0.897365 0.171585 0.406565 -0.123972 0.008356 0.914539 -0.404411 1.892319 -0.441211 0.366301 0.819241 0.429682 0.000000 0.000000 0.000000 1.000000
0.904961 0.176820 0.387015 -0.127814 0.003930 0.906052 -0.423148 1.889038 -0.425476 0.384453 0.819247 0.447340 0.000000 0.000000 0.000000 1.000000
0.910322 0.178702 0.373335 -0.131540 0.003758 0.898387 -0.439189 1.886231 -0.413883 0.401207 0.817150 0.463589 0.000000 0.000000 0.000000 1.000000
0.913231 0.178267 0.366373 -0.136024 0.007102 0.892104 -0.451775 1.883253 -0.407379 0.415177 0.813431 0.476761 0.000000 0.000000 0.000000 1.000000
0.914219 0.174974 0.365497 -0.140704 0.013665 0.888145 -0.459360 1.880696 -0.404990 0.424950 0.809568 0.486961 0.000000 0.000000 0.000000 1.000000
0.915169 0.170888 0.365052 -0.145460 0.019238 0.886128 -0.463042 1.877734 -0.402611 0.430784 0.807669 0.493397 0.000000 0.000000 0.000000 1.000000
0.916772 0.165453 0.363530 -0.149684 0.023711 0.886016 -0.463048 1.874081 -0.398706 0.433129 0.808352 0.496270 0.000000 0.000000 0.000000 1.000000
0.919013 0.158356 0.361023 -0.152969 0.027715 0.887558 -0.459862 1.869829 -0.393251 0.432625 0.811289 0.495954 0.000000 0.000000 0.000000 1.000000
0.921143 0.150726 0.358854 -0.155731 0.031909 0.889628 -0.455570 1.865413 -0.387913 0.431096 0.814665 0.493629 0.000000 0.000000 0.000000 1.000000
0.922084 0.146018 0.358384 -0.158784 0.034710 0.891144 -0.452390 1.861602 -0.385429 0.429582 0.816642 0.491516 0.000000 0.000000 0.000000 1.000000
0.921054 0.147701 0.360339 -0.163207 0.033642 0.891650 -0.451473 1.859403 -0.387980 0.427953 0.816289 0.491017 0.000000 0.000000 0.000000 1.000000
0.918426 0.155184 0.363883 -0.168985 0.028670 0.891315 -0.452477 1.858632 -0.394552 0.425999 0.814158 0.491978 0.000000 0.000000 0.000000 1.000000
0.914484 0.166913 0.368590 -0.175468 0.020893 0.890256 -0.454980 1.858349 -0.404082 0.423773 0.810638 0.493650 0.000000 0.000000 0.000000 1.000000
0.909581 0.179257 0.374871 -0.182139 0.013271 0.889169 -0.457386 1.857751 -0.415314 0.421004 0.806393 0.495005 0.000000 0.000000 0.000000 1.000000
0.903655 0.189783 0.383914 -0.188329 0.008403 0.888418 -0.458958 1.856352 -0.428179 0.417966 0.801229 0.494806 0.000000 0.000000 0.000000 1.000000
0.897194 0.197680 0.394925 -0.193663 0.006746 0.887991 -0.459811 1.854390 -0.441585 0.415204 0.795367 0.493070 0.000000 0.000000 0.000000 1.000000
0.890833 0.202760 0.406578 -0.198341 0.007478 0.888227 -0.459344 1.852507 -0.454270 0.412239 0.789746 0.490039 0.000000 0.000000 0.000000 1.000000
0.884765 0.205848 0.418113 -0.202557 0.009074 0.889385 -0.457070 1.850790 -0.465950 0.408193 0.785028 0.485661 0.000000 0.000000 0.000000 1.000000
0.879402 0.207031 0.428708 -0.205965 0.010525 0.891821 -0.452266 1.849113 -0.475964 0.402235 0.782090 0.479727 0.000000 0.000000 0.000000 1.000000
0.875525 0.205860 0.437125 -0.208203 0.011264 0.895753 -0.444409 1.847146 -0.483042 0.394015 0.781935 0.472173 0.000000 0.000000 0.000000 1.000000
0.873554 0.202088 0.442791 -0.209134 0.011838 0.900640 -0.434404 1.844598 -0.486583 0.384717 0.784366 0.462993 0.000000 0.000000 0.000000 1.000000
0.872211 0.196250 0.448033 -0.209345 0.013603 0.905894 -0.423287 1.841913 -0.488940 0.375290 0.787461 0.452643 0.000000 0.000000 0.000000 1.000000
0.869054 0.190058 0.456753 -0.209154 0.017801 0.910649 -0.412797 1.840327 -0.494397 0.366874 0.788020 0.443493 0.000000 0.000000 0.000000 1.000000
0.861747 0.187188 0.471544 -0.209267 0.023271 0.913883 -0.405311 1.840236 -0.506805 0.360249 0.783179 0.437178 0.000000 0.000000 0.000000 1.000000
0.851023 0.189406 0.489780 -0.210384 0.026015 0.916336 -0.399564 1.841333 -0.524483 0.352780 0.774896 0.433743 0.000000 0.000000 0.000000 1.000000
0.839997 0.194122 0.506677 -0.212014 0.024187 0.919486 -0.392379 1.841646 -0.542051 0.341852 0.767670 0.430550 0.000000 0.000000 0.000000 1.000000
0.832099 0.198171 0.518015 -0.212908 0.018287 0.923677 -0.382736 1.840901 -0.554326 0.327947 0.764966 0.426426 0.000000 0.000000 0.000000 1.000000
0.825663 0.200325 0.527400 -0.211881 0.012284 0.928229 -0.371805 1.840309 -0.564030 0.313465 0.763944 0.421534 0.000000 0.000000 0.000000 1.000000
0.819106 0.200705 0.537386 -0.209201 0.008181 0.932613 -0.360786 1.840867 -0.573584 0.299918 0.762267 0.416331 0.000000 0.000000 0.000000 1.000000
0.813619 0.199975 0.545926 -0.205044 0.004154 0.936963 -0.349405 1.842277 -0.581384 0.286550 0.761499 0.410321 0.000000 0.000000 0.000000 1.000000
0.810227 0.198648 0.551426 -0.199364 -0.001489 0.941509 -0.336986 1.843966 -0.586114 0.272214 0.763132 0.403005 0.000000 0.000000 0.000000 1.000000
0.808768 0.196469 0.554341 -0.192024 -0.008453 0.946338 -0.323068 1.845807 -0.588067 0.256601 0.767029 0.394435 0.000000 0.000000 0.000000 1.000000
0.808818 0.192928 0.555511 -0.182718 -0.015518 0.951325 -0.307799 1.847679 -0.587855 0.240333 0.772442 0.384313 0.000000 0.000000 0.000000 1.000000
0.810258 0.187874 0.555144 -0.171782 -0.022960 0.956675 -0.290250 1.849749 -0.585623 0.222431 0.779467 0.372651 0.000000 0.000000 0.000000 1.000000
0.812986 0.181565 0.553253 -0.159450 -0.030790 0.962218 -0.270532 1.852279 -0.581469 0.202904 0.787860 0.359511 0.000000 0.000000 0.000000 1.000000
0.816694 0.174413 0.550082 -0.145489 -0.038233 0.967491 -0.249998 1.855128 -0.575802 0.183141 0.796813 0.344391 0.000000 0.000000 0.000000 1.000000
0.821858 0.166145 0.544926 -0.129635 -0.045371 0.972579 -0.228106 1.859289 -0.567882 0.162747 0.806860 0.327431 0.000000 0.000000 0.000000 1.000000
0.828663 0.158006 0.536983 -0.112006 -0.052784 0.977115 -0.206059 1.865290 -0.557253 0.142410 0.818039 0.308451 0.000000 0.000000 0.000000 1.000000
0.837095 0.151069 0.525785 -0.093214 -0.060985 0.980894 -0.184739 1.873958 -0.543648 0.122579 0.830314 0.287558 0.000000 0.000000 0.000000 1.000000
0.846805 0.145646 0.511575 -0.073751 -0.069951 0.983921 -0.164335 1.886011 -0.527284 0.103374 0.843377 0.264907 0.000000 0.000000 0.000000 1.000000
0.857086 0.142017 0.495211 -0.053849 -0.079593 0.986214 -0.145073 1.901457 -0.508987 0.084925 0.856574 0.240844 0.000000 0.000000 0.000000 1.000000
0.867517 0.139957 0.477312 -0.033778 -0.090165 0.987948 -0.125810 1.919571 -0.489167 0.066106 0.869681 0.216229 0.000000 0.000000 0.000000 1.000000
0.877846 0.139139 0.458287 -0.014236 -0.101025 0.989135 -0.106794 1.938782 -0.468167 0.047450 0.882365 0.191952 0.000000 0.000000 0.000000 1.000000
0.888030 0.138647 0.438383 0.003669 -0.110919 0.989891 -0.088385 1.956517 -0.446206 0.029863 0.894432 0.169255 0.000000 0.000000 0.000000 1.000000
0.898522 0.137951 0.416686 0.019813 -0.118633 0.990321 -0.072048 1.973843 -0.422592 0.015305 0.906191 0.147307 0.000000 0.000000 0.000000 1.000000
0.909975 0.136017 0.391720 0.034039 -0.123262 0.990698 -0.057660 1.990095 -0.395918 0.004185 0.918276 0.126548 0.000000 0.000000 0.000000 1.000000
0.922020 0.132854 0.363633 0.046615 -0.125579 0.991121 -0.043694 2.005778 -0.366209 -0.005378 0.930517 0.107354 0.000000 0.000000 0.000000 1.000000
0.933547 0.128983 0.334446 0.057372 -0.126355 0.991540 -0.029703 2.021195 -0.335448 -0.014530 0.941947 0.090188 0.000000 0.000000 0.000000 1.000000
0.943652 0.124764 0.306519 0.066197 -0.125841 0.991916 -0.016331 2.035799 -0.306079 -0.023162 0.951724 0.075522 0.000000 0.000000 0.000000 1.000000
0.952176 0.119971 0.281012 0.073080 -0.123784 0.992300 -0.004210 2.049990 -0.279353 -0.030776 0.959695 0.063113 0.000000 0.000000 0.000000 1.000000
0.959646 0.115104 0.256576 0.077947 -0.120729 0.992666 0.006225 2.063433 -0.253978 -0.036950 0.966504 0.052987 0.000000 0.000000 0.000000 1.000000
0.966671 0.109232 0.231552 0.081065 -0.115887 0.993145 0.015292 2.075142 -0.228295 -0.041616 0.972702 0.044746 0.000000 0.000000 0.000000 1.000000
0.972922 0.103940 0.206442 0.083198 -0.110999 0.993557 0.022876 2.085596 -0.202734 -0.045171 0.978191 0.037356 0.000000 0.000000 0.000000 1.000000
0.978477 0.098548 0.181306 0.084619 -0.105553 0.993980 0.029374 2.095015 -0.177319 -0.047879 0.982988 0.030715 0.000000 0.000000 0.000000 1.000000
0.983246 0.093073 0.156734 0.085049 -0.099674 0.994412 0.034780 2.103390 -0.152621 -0.049820 0.987028 0.024769 0.000000 0.000000 0.000000 1.000000
0.987295 0.086727 0.133143 0.059293 -0.092680 0.994925 0.039178 2.124967 -0.129070 -0.051020 0.990322 0.017843 0.000000 0.000000 0.000000 1.000000
0.990418 0.082031 0.111098 0.083785 -0.087258 0.995256 0.043022 2.116824 -0.107042 -0.052304 0.992878 0.014865 0.000000 0.000000 0.000000 1.000000
0.993019 0.076363 0.089896 0.078594 -0.080749 0.995663 0.046205 2.123933 -0.085978 -0.053141 0.994879 0.010127 0.000000 0.000000 0.000000 1.000000
0.995128 0.070436 0.068980 0.074028 -0.073840 0.996109 0.048108 2.129581 -0.065323 -0.052967 0.996457 0.005205 0.000000 0.000000 0.000000 1.000000
0.996752 0.063932 0.048968 0.068710 -0.066309 0.996616 0.048579 2.134822 -0.045697 -0.051668 0.997618 0.000410 0.000000 0.000000 0.000000 1.000000
0.997879 0.057370 0.030751 0.062485 -0.058804 0.997118 0.047929 2.139747 -0.027913 -0.049636 0.998377 -0.004096 0.000000 0.000000 0.000000 1.000000
0.998577 0.051091 0.015269 0.054933 -0.051758 0.997551 0.047034 2.143988 -0.012828 -0.047757 0.998777 -0.008097 0.000000 0.000000 0.000000 1.000000
0.998952 0.045712 0.002169 0.045801 -0.045764 0.997879 0.046291 2.147735 -0.000049 -0.046342 0.998926 -0.011885 0.000000 0.000000 0.000000 1.000000
0.999151 0.040215 -0.008915 0.036174 -0.039769 0.998171 0.045540 2.150670 0.010730 -0.045147 0.998923 -0.015218 0.000000 0.000000 0.000000 1.000000
0.999241 0.034521 -0.018075 0.026461 -0.033683 0.998428 0.044795 2.152467 0.019593 -0.044152 0.998833 -0.018461 0.000000 0.000000 0.000000 1.000000
0.999289 0.028294 -0.024914 0.017107 -0.027174 0.998652 0.044222 2.153733 0.026132 -0.043514 0.998711 -0.021438 0.000000 0.000000 0.000000 1.000000
0.999300 0.022700 -0.029728 0.008139 -0.021387 0.998812 0.043782 2.154601 0.030687 -0.043116 0.998599 -0.024150 0.000000 0.000000 0.000000 1.000000
0.999325 0.017821 -0.032118 -0.000137 -0.016414 0.998916 0.043555 2.154613 0.032859 -0.042999 0.998535 -0.026312 0.000000 0.000000 0.000000 1.000000
0.999371 0.013596 -0.032739 -0.007618 -0.012176 0.998993 0.043176 2.153941 0.033293 -0.042750 0.998531 -0.027945 0.000000 0.000000 0.000000 1.000000
0.999426 0.010201 -0.032314 -0.014153 -0.008806 0.999034 0.043043 2.153484 0.032721 -0.042734 0.998551 -0.028788 0.000000 0.000000 0.000000 1.000000
0.999477 0.007230 -0.031532 -0.019432 -0.005859 0.999042 0.043360 2.153995 0.031815 -0.043153 0.998562 -0.028518 0.000000 0.000000 0.000000 1.000000
0.999499 0.004446 -0.031323 -0.023505 -0.003071 0.999035 0.043823 2.155502 0.031488 -0.043705 0.998548 -0.027329 0.000000 0.000000 0.000000 1.000000
0.999493 0.002071 -0.031779 -0.026495 -0.000661 0.999017 0.044322 2.157257 0.031840 -0.044279 0.998512 -0.025315 0.000000 0.000000 0.000000 1.000000
0.999462 0.000014 -0.032809 -0.028419 0.001450 0.999003 0.044610 2.159056 0.032777 -0.044633 0.998466 -0.022908 0.000000 0.000000 0.000000 1.000000
0.999411 -0.001630 -0.034288 -0.029311 0.003157 0.999003 0.044534 2.160698 0.034181 -0.044616 0.998419 -0.020321 0.000000 0.000000 0.000000 1.000000
0.999355 -0.002500 -0.035812 -0.029432 0.004087 0.999010 0.044300 2.162081 0.035666 -0.044418 0.998376 -0.017845 0.000000 0.000000 0.000000 1.000000
0.999315 -0.002232 -0.036931 -0.029078 0.003868 0.999011 0.044299 2.163086 0.036795 -0.044412 0.998335 -0.015512 0.000000 0.000000 0.000000 1.000000
0.999300 -0.000991 -0.037407 -0.028461 0.002662 0.998999 0.044655 2.163701 0.037326 -0.044723 0.998302 -0.013102 0.000000 0.000000 0.000000 1.000000
0.999298 0.000450 -0.037470 -0.027315 0.001252 0.998968 0.045403 2.164108 0.037451 -0.045418 0.998266 -0.010635 0.000000 0.000000 0.000000 1.000000
0.999308 0.001579 -0.037174 -0.025337 0.000140 0.998932 0.046206 2.164257 0.037207 -0.046179 0.998240 -0.008106 0.000000 0.000000 0.000000 1.000000
0.999317 0.002539 -0.036861 -0.022809 -0.000793 0.998881 0.047288 2.164234 0.036939 -0.047227 0.998201 -0.005265 0.000000 0.000000 0.000000 1.000000
0.999328 0.003071 -0.036535 -0.019602 -0.001311 0.998843 0.048081 2.164013 0.036640 -0.048000 0.998175 -0.002426 0.000000 0.000000 0.000000 1.000000
0.999356 0.003324 -0.035730 -0.015631 -0.001587 0.998821 0.048521 2.163502 0.035849 -0.048433 0.998183 0.000495 0.000000 0.000000 0.000000 1.000000
0.999404 0.003669 -0.034325 -0.011278 -0.001989 0.998803 0.048876 2.162574 0.034464 -0.048779 0.998215 0.003369 0.000000 0.000000 0.000000 1.000000
0.999475 0.004170 -0.032133 -0.006933 -0.002582 0.998779 0.049324 2.161251 0.032299 -0.049215 0.998266 0.006157 0.000000 0.000000 0.000000 1.000000
0.999567 0.004834 -0.029024 -0.002812 -0.003387 0.998758 0.049702 2.159823 0.029228 -0.049582 0.998342 0.008770 0.000000 0.000000 0.000000 1.000000</float_array>
        <technique_common>
          <accessor source="#mixamorig_Hips-Matrix-animation-output-transform-array" count="130" stride="16">
            <param type="float4x4"/>
          </accessor>
        </technique_common>
      </source>
      <source id="mixamorig_Hips-Interpolations">
        <Name_array id="mixamorig_Hips-Interpolations-array" count="130">
 LINEAR LINEAR LINEAR LINEAR LINEAR LINEAR LINEAR LINEAR LINEAR LINEAR LINEAR
LINEAR LINEAR LINEAR LINEAR LINEAR LINEAR LINEAR LINEAR LINEAR LINEAR LINEAR LINEAR
LINEAR LINEAR LINEAR LINEAR LINEAR LINEAR LINEAR LINEAR LINEAR LINEAR LINEAR LINEAR
LINEAR LINEAR LINEAR LINEAR LINEAR LINEAR LINEAR LINEAR LINEAR LINEAR LINEAR LINEAR
LINEAR LINEAR LINEAR LINEAR LINEAR LINEAR LINEAR LINEAR LINEAR LINEAR LINEAR LINEAR
LINEAR LINEAR LINEAR LINEAR LINEAR LINEAR LINEAR LINEAR LINEAR LINEAR LINEAR LINEAR
LINEAR LINEAR LINEAR LINEAR LINEAR LINEAR LINEAR LINEAR LINEAR LINEAR LINEAR LINEAR
LINEAR LINEAR LINEAR LINEAR LINEAR LINEAR LINEAR LINEAR LINEAR LINEAR LINEAR LINEAR
LINEAR LINEAR LINEAR LINEAR LINEAR LINEAR LINEAR LINEAR LINEAR LINEAR LINEAR LINEAR
LINEAR LINEAR LINEAR LINEAR LINEAR LINEAR LINEAR LINEAR LINEAR LINEAR LINEAR LINEAR
LINEAR LINEAR LINEAR LINEAR LINEAR LINEAR LINEAR LINEAR LINEAR LINEAR LINEAR</Name_array>
        <technique_common>
          <accessor source="#mixamorig_Hips-Interpolations-array" count="130">
            <param type="name"/>
          </accessor>
        </technique_common>
      </source>
      <sampler id="mixamorig_Hips-Matrix-animation-transform">
        <input semantic="INPUT" source="#mixamorig_Hips-Matrix-animation-input"/>
        <input semantic="OUTPUT" source="#mixamorig_Hips-Matrix-animation-output-transform"/>
        <input semantic="INTERPOLATION" source="#mixamorig_Hips-Interpolations"/>
      </sampler>
      <channel source="#mixamorig_Hips-Matrix-animation-transform" target="mixamorig_Hips/matrix"/>
      <source id="mixamorig_Spine-Matrix-animation-input">
        <float_array id="mixamorig_Spine-Matrix-animation-input-array" count="130">

0.000000 0.033333 0.066667 0.100000 0.133333 0.166667 0.200000 0.233333 0.266667 0.300000 0.333333 0.366667 0.400000 0.433333 0.466667 0.500000
0.533333 0.566667 0.600000 0.633333 0.666667 0.700000 0.733333 0.766667 0.800000 0.833333 0.866667 0.900000 0.933333 0.966667 1.000000 1.033333
1.066667 1.100000 1.133333 1.166667 1.200000 1.233333 1.266667 1.300000 1.333333 1.366667 1.400000 1.433333 1.466667 1.500000 1.533333 1.566667
1.600000 1.633333 1.666667 1.700000 1.733333 1.766667 1.800000 1.833333 1.866667 1.900000 1.933333 1.966667 2.000000 2.033333 2.066667 2.100000
2.133333 2.166667 2.200000 2.233333 2.266667 2.300000 2.333333 2.366667 2.400000 2.433333 2.466667 2.500000 2.533333 2.566667 2.600000 2.633333
2.666667 2.700000 2.733333 2.766667 2.800000 2.833333 2.866667 2.900000 2.933333 2.966667 3.000000 3.033333 3.066667 3.100000 3.133333 3.166667
3.200000 3.233333 3.266667 3.300000 3.333333 3.366667 3.400000 3.433333 3.466667 3.500000 3.533333 3.566667 3.600000 3.633333 3.666667 3.700000
3.733333 3.766667 3.800000 3.833333 3.866667 3.900000 3.933333 3.966667 4.000000 4.033333 4.066667 4.100000 4.133333 4.166667 4.200000 4.233333
4.266667 4.300000</float_array>
        <technique_common>
          <accessor source="#mixamorig_Spine-Matrix-animation-input-array" count="130">
            <param name="TIME" type="float"/>
          </accessor>
        </technique_common>
      </source>
      <source id="mixamorig_Spine-Matrix-animation-output-transform">
        <float_array id="mixamorig_Spine-Matrix-animation-output-transform-array" count="2080">

0.999962 0.000224 -0.008748 0.000000 0.000275 0.998373 0.057012 0.168800 0.008747 -0.057012 0.998335 -0.012300 0.000000 0.000000 0.000000 1.000000
0.999962 0.000209 -0.008698 -0.000000 0.000287 0.998378 0.056935 0.168800 0.008696 -0.056935 0.998340 -0.012300 0.000000 0.000000 0.000000 1.000000
0.999963 0.000110 -0.008653 0.000000 0.000382 0.998382 0.056869 0.168800 0.008645 -0.056870 0.998344 -0.012300 0.000000 0.000000 0.000000 1.000000
0.999963 -0.000015 -0.008611 -0.000000 0.000504 0.998382 0.056863 0.168800 0.008597 -0.056866 0.998345 -0.012300 0.000000 0.000000 0.000000 1.000000
0.999962 -0.000172 -0.008701 -0.000000 0.000667 0.998380 0.056887 0.168800 0.008677 -0.056891 0.998343 -0.012300 0.000000 0.000000 0.000000 1.000000
0.999962 -0.000269 -0.008689 -0.000000 0.000763 0.998379 0.056907 0.168800 0.008660 -0.056912 0.998342 -0.012300 0.000000 0.000000 0.000000 1.000000
0.999962 -0.000394 -0.008672 0.000000 0.000886 0.998385 0.056806 0.168800 0.008635 -0.056811 0.998348 -0.012300 0.000000 0.000000 0.000000 1.000000
0.999962 -0.000587 -0.008694 0.000000 0.001079 0.998395 0.056630 0.168800 0.008647 -0.056638 0.998357 -0.012300 0.000000 0.000000 0.000000 1.000000
0.999962 -0.000849 -0.008705 -0.000000 0.001339 0.998404 0.056456 0.168800 0.008643 -0.056465 0.998367 -0.012300 0.000000 0.000000 0.000000 1.000000
0.999961 -0.001119 -0.008741 0.000000 0.001609 0.998415 0.056253 0.168800 0.008664 -0.056265 0.998378 -0.012300 0.000000 0.000000 0.000000 1.000000
0.999960 -0.001181 -0.008833 0.000000 0.001675 0.998427 0.056050 0.168800 0.008753 -0.056063 0.998389 -0.012300 0.000000 0.000000 0.000000 1.000000
0.999959 -0.001347 -0.008902 -0.000000 0.001842 0.998442 0.055776 0.168800 0.008813 -0.055790 0.998404 -0.012300 0.000000 0.000000 0.000000 1.000000
0.999959 -0.001630 -0.008909 -0.000000 0.002121 0.998461 0.055420 0.168800 0.008805 -0.055436 0.998423 -0.012300 0.000000 0.000000 0.000000 1.000000
0.999959 -0.001798 -0.008853 -0.000000 0.002282 0.998487 0.054933 0.168800 0.008741 -0.054951 0.998451 -0.012300 0.000000 0.000000 0.000000 1.000000
0.999960 -0.001921 -0.008719 -0.000000 0.002390 0.998530 0.054155 0.168800 0.008603 -0.054174 0.998494 -0.012300 0.000000 0.000000 0.000000 1.000000
0.999963 -0.001759 -0.008441 -0.000000 0.002204 0.998592 0.053003 0.168800 0.008336 -0.053019 0.998559 -0.012300 0.000000 0.000000 0.000000 1.000000
0.999965 -0.001582 -0.008190 0.000000 0.002001 0.998680 0.051334 0.168800 0.008098 -0.051349 0.998648 -0.012300 0.000000 0.000000 0.000000 1.000000
0.999966 -0.000910 -0.008147 0.000000 0.001308 0.998796 0.049029 0.168800 0.008092 -0.049038 0.998764 -0.012300 0.000000 0.000000 0.000000 1.000000
0.999967 0.001354 -0.007972 0.000000 -0.000984 0.998931 0.046216 0.168800 0.008026 -0.046206 0.998900 -0.012300 0.000000 0.000000 0.000000 1.000000
0.999962 0.003613 -0.007917 -0.000000 -0.003270 0.999074 0.042893 0.168800 0.008064 -0.042866 0.999048 -0.012300 0.000000 0.000000 0.000000 1.000000
0.999955 0.005479 -0.007801 0.000000 -0.005167 0.999211 0.039381 0.168800 0.008011 -0.039338 0.999194 -0.012300 0.000000 0.000000 0.000000 1.000000
0.999947 0.007030 -0.007510 0.000000 -0.006756 0.999335 0.035833 0.168800 0.007757 -0.035780 0.999330 -0.012300 0.000000 0.000000 0.000000 1.000000
0.999938 0.008765 -0.006834 -0.000000 -0.008542 0.999453 0.031954 0.168800 0.007111 -0.031894 0.999466 -0.012300 0.000000 0.000000 0.000000 1.000000
0.999924 0.010655 -0.006126 0.000000 -0.010484 0.999573 0.027257 0.168800 0.006414 -0.027191 0.999610 -0.012300 0.000000 0.000000 0.000000 1.000000
0.999906 0.012408 -0.005806 0.000000 -0.012281 0.999693 0.021513 0.168800 0.006071 -0.021439 0.999752 -0.012300 0.000000 0.000000 0.000000 1.000000
0.999889 0.013589 -0.006035 0.000000 -0.013496 0.999791 0.015329 0.168800 0.006242 -0.015246 0.999864 -0.012300 0.000000 0.000000 0.000000 1.000000
0.999891 0.013293 -0.006370 -0.000000 -0.013232 0.999868 0.009420 0.168800 0.006495 -0.009335 0.999935 -0.012300 0.000000 0.000000 0.000000 1.000000
0.999913 0.011632 -0.006295 -0.000000 -0.011610 0.999926 0.003581 0.168800 0.006336 -0.003508 0.999974 -0.012300 0.000000 0.000000 0.000000 1.000000
0.999937 0.009740 -0.005522 -0.000000 -0.009747 0.999952 -0.001358 0.168800 0.005509 0.001412 0.999984 -0.012300 0.000000 0.000000 0.000000 1.000000
0.999962 0.007594 -0.004293 0.000000 -0.007620 0.999952 -0.006083 0.168800 0.004247 0.006116 0.999972 -0.012300 0.000000 0.000000 0.000000 1.000000
0.999972 0.006979 -0.002540 0.000000 -0.007005 0.999922 -0.010318 0.168800 0.002467 0.010336 0.999944 -0.012300 0.000000 0.000000 0.000000 1.000000
0.999973 0.007372 -0.000430 -0.000000 -0.007377 0.999877 -0.013870 0.168800 0.000327 0.013872 0.999904 -0.012300 0.000000 0.000000 0.000000 1.000000
0.999964 0.008302 0.001792 0.000000 -0.008270 0.999818 -0.017188 0.168800 -0.001934 0.017172 0.999851 -0.012300 0.000000 0.000000 0.000000 1.000000
0.999942 0.009891 0.004340 0.000000 -0.009800 0.999744 -0.020372 0.168800 -0.004540 0.020328 0.999783 -0.012300 0.000000 0.000000 0.000000 1.000000
0.999902 0.011836 0.007430 0.000000 -0.011659 0.999658 -0.023389 0.168800 -0.007705 0.023300 0.999699 -0.012300 0.000000 0.000000 0.000000 1.000000
0.999852 0.013470 0.010702 0.000000 -0.013187 0.999573 -0.026087 0.168800 -0.011049 0.025942 0.999602 -0.012300 0.000000 0.000000 0.000000 1.000000
0.999810 0.013709 0.013830 -0.000000 -0.013305 0.999495 -0.028862 0.168800 -0.014219 0.028672 0.999488 -0.012300 0.000000 0.000000 0.000000 1.000000
0.999792 0.012098 0.016422 0.000000 -0.011571 0.999427 -0.031800 0.168800 -0.016797 0.031603 0.999359 -0.012300 0.000000 0.000000 0.000000 1.000000
0.999798 0.009799 0.017523 0.000000 -0.009188 0.999359 -0.034595 0.168800 -0.017851 0.034427 0.999248 -0.012300 0.000000 0.000000 0.000000 1.000000
0.999828 0.008275 0.016569 -0.000000 -0.007655 0.999281 -0.037135 0.168800 -0.016864 0.037002 0.999173 -0.012300 0.000000 0.000000 0.000000 1.000000
0.999861 0.008188 0.014491 -0.000000 -0.007610 0.999191 -0.039482 0.168800 -0.014803 0.039367 0.999115 -0.012300 0.000000 0.000000 0.000000 1.000000
0.999903 0.008352 0.011157 0.000000 -0.007877 0.999090 -0.041927 0.168800 -0.011497 0.041835 0.999058 -0.012300 0.000000 0.000000 0.000000 1.000000
0.999961 0.006891 0.005596 0.000000 -0.006640 0.999023 -0.043690 0.168800 -0.005891 0.043651 0.999029 -0.012300 0.000000 0.000000 0.000000 1.000000
0.999992 0.003148 -0.002305 0.000000 -0.003249 0.998982 -0.044999 0.168800 0.002161 0.045006 0.998984 -0.012300 0.000000 0.000000 0.000000 1.000000
0.999941 -0.000735 -0.010802 -0.000000 0.000233 0.998924 -0.046384 0.168800 0.010824 0.046379 0.998865 -0.012300 0.000000 0.000000 0.000000 1.000000
0.999845 -0.003740 -0.017179 0.000000 0.002916 0.998855 -0.047758 0.168800 0.017338 0.047701 0.998711 -0.012300 0.000000 0.000000 0.000000 1.000000
0.999771 -0.005908 -0.020587 0.000000 0.004901 0.998807 -0.048591 0.168800 0.020849 0.048479 0.998607 -0.012300 0.000000 0.000000 0.000000 1.000000
0.999735 -0.007895 -0.021639 0.000000 0.006834 0.998792 -0.048663 0.168800 0.021997 0.048502 0.998581 -0.012300 0.000000 0.000000 0.000000 1.000000
0.999725 -0.009650 -0.021358 0.000000 0.008590 0.998754 -0.049163 0.168800 0.021806 0.048966 0.998562 -0.012300 0.000000 0.000000 0.000000 1.000000
0.999727 -0.010987 -0.020624 -0.000000 0.009950 0.998714 -0.049712 0.168800 0.021143 0.049493 0.998551 -0.012300 0.000000 0.000000 0.000000 1.000000
0.999745 -0.011609 -0.019369 0.000000 0.010620 0.998672 -0.050404 0.168800 0.019929 0.050186 0.998541 -0.012300 0.000000 0.000000 0.000000 1.000000
0.999780 -0.011444 -0.017587 -0.000000 0.010532 0.998638 -0.051091 0.168800 0.018148 0.050894 0.998539 -0.012300 0.000000 0.000000 0.000000 1.000000
0.999823 -0.010806 -0.015396 0.000000 0.009997 0.998615 -0.051661 0.168800 0.015933 0.051498 0.998546 -0.012300 0.000000 0.000000 0.000000 1.000000
0.999863 -0.009562 -0.013489 0.000000 0.008849 0.998610 -0.051964 0.168800 0.013967 0.051838 0.998558 -0.012300 0.000000 0.000000 0.000000 1.000000
0.999885 -0.008162 -0.012797 0.000000 0.007486 0.998620 -0.051985 0.168800 0.013203 0.051883 0.998566 -0.012300 0.000000 0.000000 0.000000 1.000000
0.999869 -0.007883 -0.014126 0.000000 0.007135 0.998608 -0.052261 0.168800 0.014518 0.052154 0.998534 -0.012300 0.000000 0.000000 0.000000 1.000000
0.999821 -0.008489 -0.016906 0.000000 0.007597 0.998611 -0.052146 0.168800 0.017325 0.052008 0.998496 -0.012300 0.000000 0.000000 0.000000 1.000000
0.999764 -0.009449 -0.019541 0.000000 0.008423 0.998615 -0.051929 0.168800 0.020005 0.051752 0.998460 -0.012300 0.000000 0.000000 0.000000 1.000000
0.999738 -0.010099 -0.020537 0.000000 0.009019 0.998607 -0.051991 0.168800 0.021034 0.051792 0.998436 -0.012300 0.000000 0.000000 0.000000 1.000000
0.999747 -0.010078 -0.020109 0.000000 0.009015 0.998592 -0.052270 0.168800 0.020607 0.052075 0.998431 -0.012300 0.000000 0.000000 0.000000 1.000000
0.999780 -0.009456 -0.018740 0.000000 0.008464 0.998593 -0.052350 0.168800 0.019209 0.052180 0.998453 -0.012300 0.000000 0.000000 0.000000 1.000000
0.999823 -0.008685 -0.016713 0.000000 0.007799 0.998597 -0.052372 0.168800 0.017144 0.052232 0.998488 -0.012300 0.000000 0.000000 0.000000 1.000000
0.999866 -0.007923 -0.014331 0.000000 0.007160 0.998593 -0.052551 0.168800 0.014728 0.052441 0.998515 -0.012300 0.000000 0.000000 0.000000 1.000000
0.999904 -0.007267 -0.011784 0.000000 0.006633 0.998574 -0.052980 0.168800 0.012152 0.052897 0.998526 -0.012300 0.000000 0.000000 0.000000 1.000000
0.999934 -0.006567 -0.009436 0.000000 0.006052 0.998545 -0.053577 0.168800 0.009774 0.053516 0.998519 -0.012300 0.000000 0.000000 0.000000 1.000000
0.999964 -0.005463 -0.006468 -0.000000 0.005107 0.998541 -0.053764 0.168800 0.006752 0.053729 0.998533 -0.012300 0.000000 0.000000 0.000000 1.000000
0.999991 -0.003473 -0.002403 0.000000 0.003338 0.998530 -0.054100 0.168800 0.002588 0.054091 0.998533 -0.012300 0.000000 0.000000 0.000000 1.000000
0.999997 -0.001194 0.001943 0.000000 0.001297 0.998551 -0.053797 0.168800 -0.001876 0.053800 0.998550 -0.012300 0.000000 0.000000 0.000000 1.000000
0.999990 -0.000049 0.004413 -0.000000 0.000282 0.998597 -0.052949 0.168800 -0.004404 0.052950 0.998587 -0.012300 0.000000 0.000000 0.000000 1.000000
0.999991 -0.000998 0.004092 -0.000000 0.001209 0.998650 -0.051933 0.168800 -0.004034 0.051938 0.998642 -0.012300 0.000000 0.000000 0.000000 1.000000
0.999994 -0.002571 0.002458 0.000000 0.002693 0.998688 -0.051130 0.168800 -0.002323 0.051137 0.998689 -0.012300 0.000000 0.000000 0.000000 1.000000
0.999994 -0.002758 0.002183 0.000000 0.002865 0.998716 -0.050572 0.168800 -0.002040 0.050578 0.998718 -0.012300 0.000000 0.000000 0.000000 1.000000
0.999991 -0.001897 0.003745 0.000000 0.002081 0.998768 -0.049578 0.168800 -0.003646 0.049585 0.998763 -0.012300 0.000000 0.000000 0.000000 1.000000
0.999983 -0.000889 0.005800 0.000000 0.001167 0.998841 -0.048110 0.168800 -0.005751 0.048116 0.998825 -0.012300 0.000000 0.000000 0.000000 1.000000
0.999972 -0.000199 0.007427 0.000000 0.000544 0.998919 -0.046477 0.168800 -0.007410 0.046479 0.998892 -0.012300 0.000000 0.000000 0.000000 1.000000
0.999962 0.000427 0.008662 0.000000 -0.000039 0.998998 -0.044746 0.168800 -0.008672 0.044744 0.998961 -0.012300 0.000000 0.000000 0.000000 1.000000
0.999952 0.001308 0.009749 -0.000000 -0.000890 0.999087 -0.042720 0.168800 -0.009796 0.042709 0.999040 -0.012300 0.000000 0.000000 0.000000 1.000000
0.999941 0.002121 0.010621 0.000000 -0.001687 0.999170 -0.040705 0.168800 -0.010698 0.040685 0.999115 -0.012300 0.000000 0.000000 0.000000 1.000000
0.999930 0.002961 0.011465 0.000000 -0.002515 0.999246 -0.038734 0.168800 -0.011571 0.038702 0.999184 -0.012300 0.000000 0.000000 0.000000 1.000000
0.999918 0.004112 0.012165 0.000000 -0.003668 0.999334 -0.036301 0.168800 -0.012307 0.036253 0.999267 -0.012300 0.000000 0.000000 0.000000 1.000000
0.999903 0.005595 0.012741 0.000000 -0.005161 0.999415 -0.033823 0.168800 -0.012923 0.033754 0.999347 -0.012300 0.000000 0.000000 0.000000 1.000000
0.999892 0.006954 0.012961 0.000000 -0.006549 0.999495 -0.031093 0.168800 -0.013171 0.031005 0.999432 -0.012300 0.000000 0.000000 0.000000 1.000000
0.999884 0.007961 0.013013 0.000000 -0.007594 0.999578 -0.028034 0.168800 -0.013231 0.027932 0.999522 -0.012300 0.000000 0.000000 0.000000 1.000000
0.999881 0.008457 0.012888 0.000000 -0.008134 0.999657 -0.024876 0.168800 -0.013094 0.024768 0.999607 -0.012300 0.000000 0.000000 0.000000 1.000000
0.999889 0.008389 0.012312 0.000000 -0.008123 0.999736 -0.021504 0.168800 -0.012489 0.021402 0.999693 -0.012300 0.000000 0.000000 0.000000 1.000000
0.999909 0.007576 0.011180 0.000000 -0.007374 0.999811 -0.018014 0.168800 -0.011314 0.017929 0.999775 -0.012300 0.000000 0.000000 0.000000 1.000000
0.999935 0.005976 0.009677 0.000000 -0.005839 0.999884 -0.014088 0.168800 -0.009760 0.014030 0.999854 -0.012300 0.000000 0.000000 0.000000 1.000000
0.999960 0.004141 0.007939 0.000000 -0.004062 0.999942 -0.009963 0.168800 -0.007980 0.009930 0.999919 -0.012300 0.000000 0.000000 0.000000 1.000000
0.999973 0.002293 0.006966 0.000000 -0.002252 0.999980 -0.005914 0.168800 -0.006979 0.005898 0.999958 -0.012300 0.000000 0.000000 0.000000 1.000000
0.999976 0.001410 0.006767 0.000000 -0.001392 0.999996 -0.002591 0.168800 -0.006771 0.002581 0.999974 -0.012300 0.000000 0.000000 0.000000 1.000000
0.999977 0.001112 0.006631 0.000000 -0.001111 0.999999 -0.000237 0.168800 -0.006632 0.000229 0.999978 -0.012300 0.000000 0.000000 0.000000 1.000000
0.999983 0.001028 0.005759 0.000000 -0.001036 0.999999 0.001384 0.168800 -0.005757 -0.001390 0.999982 -0.012300 0.000000 0.000000 0.000000 1.000000
0.999992 0.000997 0.003800 0.000000 -0.001009 0.999995 0.003135 0.168800 -0.003797 -0.003138 0.999988 -0.012300 0.000000 0.000000 0.000000 1.000000
0.999998 0.001222 0.001267 0.000000 -0.001230 0.999983 0.005626 0.168800 -0.001260 -0.005628 0.999983 -0.012300 0.000000 0.000000 0.000000 1.000000
0.999997 0.002318 -0.000912 0.000000 -0.002309 0.999957 0.008983 0.168800 0.000933 -0.008981 0.999959 -0.012300 0.000000 0.000000 0.000000 1.000000
0.999988 0.004237 -0.002516 0.000000 -0.004204 0.999905 0.013120 0.168800 0.002572 -0.013109 0.999911 -0.012300 0.000000 0.000000 0.000000 1.000000
0.999978 0.005589 -0.003488 -0.000000 -0.005527 0.999831 0.017535 0.168800 0.003585 -0.017515 0.999840 -0.012300 0.000000 0.000000 0.000000 1.000000
0.999973 0.006292 -0.003922 0.000000 -0.006205 0.999739 0.021980 0.168800 0.004059 -0.021955 0.999751 -0.012300 0.000000 0.000000 0.000000 1.000000
0.999972 0.006438 -0.003903 0.000000 -0.006333 0.999636 0.026237 0.168800 0.004070 -0.026212 0.999648 -0.012300 0.000000 0.000000 0.000000 1.000000
0.999971 0.006783 -0.003505 0.000000 -0.006674 0.999523 0.030145 0.168800 0.003708 -0.030121 0.999539 -0.012300 0.000000 0.000000 0.000000 1.000000
