<?xml version="1.0" encoding="utf-8"?>
<COLLADA xmlns="http://www.collada.org/2005/11/COLLADASchema" version="1.4.1">
  <asset>
    <contributor>
      <author>Mixamo</author>
      <authoring_tool>COLLADA Mixamo exporter</authoring_tool>
      <comments/>
    </contributor>
    <created>2018-01-07T07:18:36Z</created>
    <modified>2018-01-07T07:18:36Z</modified>
    <revision/>
    <title/>
    <unit meter="0.010000"/>
    <up_axis>Y_UP</up_axis>
  </asset>
  <library_animations>
    <animation>
      <source id="mixamorig_Hips-Matrix-animation-input">
        <float_array id="mixamorig_Hips-Matrix-animation-input-array" count="91">

0.000000 0.033333 0.066667 0.100000 0.133333 0.166667 0.200000 0.233333 0.266667 0.300000 0.333333 0.366667 0.400000 0.433333 0.466667 0.500000
0.533333 0.566667 0.600000 0.633333 0.666667 0.700000 0.733333 0.766667 0.800000 0.833333 0.866667 0.900000 0.933333 0.966667 1.000000 1.033333
1.066667 1.100000 1.133333 1.166667 1.200000 1.233333 1.266667 1.300000 1.333333 1.366667 1.400000 1.433333 1.466667 1.500000 1.533333 1.566667
1.600000 1.633333 1.666667 1.700000 1.733333 1.766667 1.800000 1.833333 1.866667 1.900000 1.933333 1.966667 2.000000 2.033333 2.066667 2.100000
2.133333 2.166667 2.200000 2.233333 2.266667 2.300000 2.333333 2.366667 2.400000 2.433333 2.466667 2.500000 2.533333 2.566667 2.600000 2.633333
2.666667 2.700000 2.733333 2.766667 2.800000 2.833333 2.866667 2.900000 2.933333 2.966667 3.000000</float_array>
        <technique_common>
          <accessor source="#mixamorig_Hips-Matrix-animation-input-array" count="91">
            <param name="TIME" type="float"/>
          </accessor>
        </technique_common>
      </source>
      <source id="mixamorig_Hips-Matrix-animation-output-transform">
        <float_array id="mixamorig_Hips-Matrix-animation-output-transform-array" count="1456">

0.999549 -0.009890 0.028365 0.002521 0.008320 0.998455 0.054944 2.158759 -0.028865 -0.054684 0.998086 0.008633 0.000000 0.000000 0.000000 1.000000
0.999580 -0.010449 0.027046 -0.000136 0.008970 0.998487 0.054260 2.158086 -0.027572 -0.053995 0.998160 0.011430 0.000000 0.000000 0.000000 1.000000
0.999596 -0.010918 0.026246 -0.001955 0.009495 0.998510 0.053741 2.157966 -0.026794 -0.053470 0.998210 0.013839 0.000000 0.000000 0.000000 1.000000
0.999605 -0.011273 0.025753 -0.003092 0.009887 0.998527 0.053340 2.157611 -0.026317 -0.053064 0.998244 0.015822 0.000000 0.000000 0.000000 1.000000
0.999604 -0.011751 0.025563 -0.003969 0.010382 0.998539 0.053028 2.157104 -0.026149 -0.052742 0.998266 0.017689 0.000000 0.000000 0.000000 1.000000
0.999593 -0.012650 0.025560 -0.004966 0.011283 0.998534 0.052933 2.156462 -0.026192 -0.052624 0.998271 0.019737 0.000000 0.000000 0.000000 1.000000
0.999569 -0.013770 0.025935 -0.006229 0.012390 0.998536 0.052659 2.155689 -0.026622 -0.052315 0.998276 0.021783 0.000000 0.000000 0.000000 1.000000
0.999529 -0.014850 0.026867 -0.008182 0.013436 0.998554 0.052047 2.154728 -0.027601 -0.051662 0.998283 0.023717 0.000000 0.000000 0.000000 1.000000
0.999484 -0.015868 0.027927 -0.011193 0.014418 0.998575 0.051378 2.153449 -0.028702 -0.050949 0.998289 0.025722 0.000000 0.000000 0.000000 1.000000
0.999430 -0.016862 0.029260 -0.015692 0.015378 0.998620 0.050207 2.151708 -0.030066 -0.049728 0.998310 0.027602 0.000000 0.000000 0.000000 1.000000
0.999395 -0.017637 0.029985 -0.022095 0.016167 0.998689 0.048561 2.149087 -0.030802 -0.048047 0.998370 0.029628 0.000000 0.000000 0.000000 1.000000
0.999398 -0.018008 0.029650 -0.030947 0.016629 0.998797 0.046131 2.145696 -0.030445 -0.045611 0.998495 0.031572 0.000000 0.000000 0.000000 1.000000
0.999419 -0.019251 0.028120 -0.041712 0.018020 0.998894 0.043423 2.142542 -0.028925 -0.042891 0.998661 0.033817 0.000000 0.000000 0.000000 1.000000
0.999475 -0.021614 0.024138 -0.053679 0.020637 0.998986 0.040001 2.139039 -0.024978 -0.039482 0.998908 0.035823 0.000000 0.000000 0.000000 1.000000
0.999529 -0.026206 0.015996 -0.065604 0.025623 0.999037 0.035603 2.134345 -0.016913 -0.035176 0.999238 0.037105 0.000000 0.000000 0.000000 1.000000
0.999445 -0.033207 0.002634 -0.076626 0.033114 0.999009 0.029742 2.128237 -0.003619 -0.029638 0.999554 0.037576 0.000000 0.000000 0.000000 1.000000
0.999024 -0.041701 -0.014565 -0.086348 0.042001 0.998898 0.020953 2.122069 0.013675 -0.021544 0.999674 0.036876 0.000000 0.000000 0.000000 1.000000
0.998021 -0.051124 -0.036606 -0.093260 0.051507 0.998626 0.009603 2.114472 0.036065 -0.011469 0.999284 0.035238 0.000000 0.000000 0.000000 1.000000
0.995778 -0.062351 -0.067362 -0.095508 0.062258 0.998054 -0.003480 2.105865 0.067448 -0.000728 0.997723 0.035116 0.000000 0.000000 0.000000 1.000000
0.990928 -0.078805 -0.108867 -0.092244 0.076940 0.996810 -0.021233 2.099001 0.110193 0.012664 0.993830 0.037689 0.000000 0.000000 0.000000 1.000000
0.982832 -0.097522 -0.156625 -0.085116 0.091875 0.994845 -0.042913 2.092036 0.160003 0.027786 0.986725 0.043315 0.000000 0.000000 0.000000 1.000000
0.971887 -0.113236 -0.206429 -0.075874 0.100960 0.992488 -0.069095 2.083924 0.212702 0.046311 0.976019 0.050669 0.000000 0.000000 0.000000 1.000000
0.958033 -0.125768 -0.257594 -0.064060 0.103030 0.989639 -0.099997 2.074735 0.267502 0.069260 0.961065 0.060523 0.000000 0.000000 0.000000 1.000000
0.941552 -0.134684 -0.308772 -0.049047 0.097218 0.986236 -0.133739 2.064297 0.322534 0.095905 0.941687 0.074285 0.000000 0.000000 0.000000 1.000000
0.923352 -0.141346 -0.356991 -0.030582 0.086199 0.982351 -0.165999 2.052927 0.374154 0.122503 0.919240 0.093781 0.000000 0.000000 0.000000 1.000000
0.904441 -0.145657 -0.400961 -0.009801 0.071162 0.978249 -0.194848 2.041072 0.420620 0.147695 0.895134 0.119011 0.000000 0.000000 0.000000 1.000000
0.887427 -0.148591 -0.436342 0.013005 0.055513 0.974180 -0.218843 2.028388 0.457594 0.169985 0.872762 0.147593 0.000000 0.000000 0.000000 1.000000
0.878044 -0.152256 -0.453714 0.035143 0.045297 0.970227 -0.237924 2.015327 0.476431 0.188356 0.858799 0.175444 0.000000 0.000000 0.000000 1.000000
0.879849 -0.155199 -0.449197 0.053790 0.041801 0.966785 -0.252151 2.001998 0.473411 0.203078 0.857112 0.200828 0.000000 0.000000 0.000000 1.000000
0.886668 -0.154943 -0.435675 0.068373 0.036815 0.962853 -0.267503 1.989958 0.460939 0.221147 0.859435 0.225815 0.000000 0.000000 0.000000 1.000000
0.892588 -0.156252 -0.422933 0.079092 0.029324 0.956162 -0.291365 1.983747 0.449918 0.247667 0.858041 0.250590 0.000000 0.000000 0.000000 1.000000
0.898038 -0.162834 -0.408672 0.087107 0.027371 0.947855 -0.317525 1.980022 0.439066 0.273964 0.855666 0.274407 0.000000 0.000000 0.000000 1.000000
0.905793 -0.169086 -0.388520 0.093752 0.029431 0.939820 -0.340400 1.975375 0.422696 0.296898 0.856259 0.295616 0.000000 0.000000 0.000000 1.000000
0.913178 -0.171077 -0.369917 0.098741 0.028677 0.932357 -0.360400 1.971608 0.406551 0.318501 0.856314 0.314614 0.000000 0.000000 0.000000 1.000000
0.919187 -0.167785 -0.356291 0.102880 0.023422 0.926391 -0.375833 1.968598 0.393124 0.337116 0.855457 0.329555 0.000000 0.000000 0.000000 1.000000
0.924544 -0.160907 -0.345437 0.106654 0.016934 0.922934 -0.384586 1.966265 0.380698 0.349717 0.856018 0.339243 0.000000 0.000000 0.000000 1.000000
0.930568 -0.152322 -0.332928 0.109428 0.012502 0.922034 -0.386906 1.963447 0.365905 0.355881 0.859920 0.343229 0.000000 0.000000 0.000000 1.000000
0.936937 -0.142257 -0.319238 0.110926 0.009288 0.923227 -0.384143 1.960031 0.349376 0.356953 0.866326 0.342445 0.000000 0.000000 0.000000 1.000000
0.940894 -0.133664 -0.311212 0.112891 0.005433 0.924676 -0.380717 1.957184 0.338658 0.356523 0.870748 0.340815 0.000000 0.000000 0.000000 1.000000
0.939932 -0.132395 -0.314641 0.117909 0.002994 0.924886 -0.380232 1.956166 0.341348 0.356451 0.869726 0.341878 0.000000 0.000000 0.000000 1.000000
0.935567 -0.138863 -0.324701 0.125945 0.004452 0.924011 -0.382339 1.955973 0.353120 0.356258 0.865093 0.345479 0.000000 0.000000 0.000000 1.000000
0.930233 -0.147751 -0.335910 0.135576 0.008433 0.923730 -0.382952 1.953569 0.366871 0.353402 0.860530 0.348127 0.000000 0.000000 0.000000 1.000000
0.923690 -0.155025 -0.350376 0.144710 0.010154 0.924069 -0.382090 1.949803 0.383006 0.349375 0.855128 0.348175 0.000000 0.000000 0.000000 1.000000
0.916864 -0.159122 -0.366116 0.153320 0.008805 0.924963 -0.379956 1.947038 0.399103 0.345144 0.849466 0.345987 0.000000 0.000000 0.000000 1.000000
0.910845 -0.160903 -0.380095 0.160763 0.007248 0.926979 -0.375044 1.945312 0.412685 0.338851 0.845500 0.340947 0.000000 0.000000 0.000000 1.000000
0.907435 -0.160563 -0.388305 0.165742 0.008316 0.930795 -0.365448 1.943146 0.420110 0.328391 0.845971 0.332393 0.000000 0.000000 0.000000 1.000000
0.906255 -0.157850 -0.392155 0.168608 0.010211 0.935572 -0.352989 1.940288 0.422609 0.315894 0.849478 0.320130 0.000000 0.000000 0.000000 1.000000
0.899800 -0.154048 -0.408202 0.170644 0.005160 0.939286 -0.343097 1.939043 0.436272 0.306612 0.845964 0.308946 0.000000 0.000000 0.000000 1.000000
0.884505 -0.157014 -0.439314 0.174146 -0.001070 0.940978 -0.338466 1.939931 0.466529 0.299845 0.832132 0.302945 0.000000 0.000000 0.000000 1.000000
0.870615 -0.165867 -0.463160 0.177951 0.003938 0.943769 -0.330581 1.939540 0.491949 0.285985 0.822313 0.298589 0.000000 0.000000 0.000000 1.000000
0.861802 -0.171680 -0.477308 0.178702 0.013048 0.948174 -0.317485 1.938234 0.507076 0.267381 0.819378 0.292795 0.000000 0.000000 0.000000 1.000000
0.854165 -0.172818 -0.490444 0.175365 0.018505 0.952663 -0.303463 1.938457 0.519672 0.250132 0.816930 0.285767 0.000000 0.000000 0.000000 1.000000
0.850802 -0.171048 -0.496869 0.168433 0.024439 0.957397 -0.287739 1.939541 0.524918 0.232666 0.818735 0.277081 0.000000 0.000000 0.000000 1.000000
0.851669 -0.167791 -0.496494 0.158203 0.032359 0.962391 -0.269734 1.940831 0.523080 0.213658 0.825068 0.265679 0.000000 0.000000 0.000000 1.000000
0.854582 -0.162386 -0.493275 0.144169 0.040457 0.967785 -0.248505 1.942248 0.517738 0.192412 0.833622 0.251668 0.000000 0.000000 0.000000 1.000000
0.858681 -0.155751 -0.488272 0.127703 0.048956 0.973275 -0.224364 1.943775 0.510168 0.168753 0.843357 0.235228 0.000000 0.000000 0.000000 1.000000
0.864329 -0.147836 -0.480708 0.108364 0.056949 0.978442 -0.198513 1.946209 0.499692 0.144205 0.854115 0.215821 0.000000 0.000000 0.000000 1.000000
0.872766 -0.139570 -0.467760 0.086050 0.064936 0.982932 -0.172127 1.951591 0.483800 0.119852 0.866933 0.193311 0.000000 0.000000 0.000000 1.000000
0.883975 -0.132935 -0.448237 0.062447 0.074081 0.986440 -0.146455 1.961052 0.461628 0.096257 0.881836 0.168373 0.000000 0.000000 0.000000 1.000000
0.896134 -0.128383 -0.424809 0.038706 0.083364 0.988899 -0.123002 1.974928 0.435884 0.074813 0.896888 0.141759 0.000000 0.000000 0.000000 1.000000
0.908099 -0.125427 -0.399531 0.015604 0.092451 0.990597 -0.100849 1.991446 0.408423 0.054643 0.911156 0.115083 0.000000 0.000000 0.000000 1.000000
0.919569 -0.123538 -0.373003 -0.005066 0.100764 0.991686 -0.080032 2.007955 0.379789 0.036010 0.924372 0.090129 0.000000 0.000000 0.000000 1.000000
0.931603 -0.121132 -0.342698 -0.022271 0.106493 0.992422 -0.061293 2.024115 0.347526 0.020606 0.937444 0.067208 0.000000 0.000000 0.000000 1.000000
0.944904 -0.116396 -0.305955 -0.036470 0.108350 0.993173 -0.043212 2.039762 0.308896 0.007681 0.951065 0.047322 0.000000 0.000000 0.000000 1.000000
0.957431 -0.110416 -0.266709 -0.047630 0.107673 0.993874 -0.024934 2.056001 0.267828 -0.004845 0.963454 0.031052 0.000000 0.000000 0.000000 1.000000
0.967789 -0.103344 -0.229575 -0.055766 0.104271 0.994516 -0.008124 2.072612 0.229155 -0.016076 0.973257 0.018659 0.000000 0.000000 0.000000 1.000000
0.976337 -0.095801 -0.193875 -0.060377 0.098997 0.995064 0.006838 2.088449 0.192263 -0.025870 0.981002 0.010710 0.000000 0.000000 0.000000 1.000000
0.983513 -0.087783 -0.158099 -0.061986 0.091980 0.995572 0.019412 2.101969 0.155695 -0.033634 0.987232 0.005709 0.000000 0.000000 0.000000 1.000000
0.989111 -0.079464 -0.123871 -0.061529 0.083663 0.996070 0.029061 2.113548 0.121075 -0.039108 0.991873 0.001845 0.000000 0.000000 0.000000 1.000000
0.993170 -0.070954 -0.092621 -0.055506 0.074567 0.996561 0.036150 2.125108 0.089737 -0.042809 0.995045 -0.001130 0.000000 0.000000 0.000000 1.000000
0.995890 -0.062801 -0.065268 -0.053643 0.065620 0.996961 0.041978 2.130518 0.062434 -0.046088 0.996984 -0.003067 0.000000 0.000000 0.000000 1.000000
0.997745 -0.053913 -0.039977 -0.043256 0.055747 0.997373 0.046258 2.137356 0.037378 -0.048383 0.998129 -0.006307 0.000000 0.000000 0.000000 1.000000
0.998919 -0.043572 -0.016221 -0.033066 0.044293 0.997906 0.047144 2.143466 0.014133 -0.047812 0.998756 -0.011042 0.000000 0.000000 0.000000 1.000000
0.999454 -0.032900 0.002918 -0.022111 0.032733 0.998417 0.045736 2.149519 -0.004418 -0.045615 0.998949 -0.016125 0.000000 0.000000 0.000000 1.000000
0.999575 -0.024322 0.016072 -0.009107 0.023579 0.998712 0.044934 2.153813 -0.017144 -0.044536 0.998861 -0.020885 0.000000 0.000000 0.000000 1.000000
0.999502 -0.017674 0.026137 0.004774 0.016493 0.998863 0.044722 2.156165 -0.026898 -0.044269 0.998657 -0.025316 0.000000 0.000000 0.000000 1.000000
0.999423 -0.011801 0.031848 0.017213 0.010378 0.998957 0.044458 2.157967 -0.032339 -0.044102 0.998503 -0.029263 0.000000 0.000000 0.000000 1.000000
0.999417 -0.007213 0.033356 0.027825 0.005714 0.998978 0.044835 2.159303 -0.033646 -0.044618 0.998437 -0.032148 0.000000 0.000000 0.000000 1.000000
0.999476 -0.004405 0.032072 0.036270 0.002933 0.998945 0.045826 2.159512 -0.032240 -0.045708 0.998434 -0.033302 0.000000 0.000000 0.000000 1.000000
0.999538 -0.002671 0.030275 0.042417 0.001245 0.998894 0.047002 2.159641 -0.030367 -0.046943 0.998436 -0.032931 0.000000 0.000000 0.000000 1.000000
0.999573 -0.001010 0.029201 0.045900 -0.000410 0.998821 0.048549 2.160763 -0.029215 -0.048540 0.998394 -0.031153 0.000000 0.000000 0.000000 1.000000
0.999580 0.000138 0.028963 0.047388 -0.001589 0.998743 0.050094 2.162537 -0.028919 -0.050119 0.998324 -0.028018 0.000000 0.000000 0.000000 1.000000
0.999573 0.000650 0.029205 0.047236 -0.002143 0.998690 0.051133 2.164139 -0.029134 -0.051174 0.998265 -0.024175 0.000000 0.000000 0.000000 1.000000
0.999544 0.000650 0.030178 0.045446 -0.002203 0.998673 0.051449 2.165215 -0.030104 -0.051492 0.998220 -0.020335 0.000000 0.000000 0.000000 1.000000
0.999509 -0.000241 0.031340 0.042209 -0.001384 0.998656 0.051818 2.165865 -0.031310 -0.051836 0.998165 -0.016853 0.000000 0.000000 0.000000 1.000000
0.999484 -0.002164 0.032050 0.038204 0.000471 0.998608 0.052735 2.166046 -0.032120 -0.052693 0.998094 -0.013206 0.000000 0.000000 0.000000 1.000000
0.999465 -0.004089 0.032437 0.032799 0.002344 0.998557 0.053653 2.165785 -0.032610 -0.053548 0.998033 -0.009516 0.000000 0.000000 0.000000 1.000000
0.999434 -0.005758 0.033137 0.026291 0.003940 0.998496 0.054691 2.165162 -0.033402 -0.054530 0.997953 -0.005160 0.000000 0.000000 0.000000 1.000000
0.999429 -0.007071 0.033047 0.018231 0.005242 0.998467 0.055104 2.163995 -0.033386 -0.054900 0.997934 -0.000483 0.000000 0.000000 0.000000 1.000000
0.999467 -0.008486 0.031527 0.009697 0.006740 0.998458 0.055108 2.161620 -0.031946 -0.054866 0.997983 0.004199 0.000000 0.000000 0.000000 1.000000
0.999549 -0.009889 0.028365 0.002521 0.008319 0.998455 0.054944 2.158759 -0.028865 -0.054684 0.998086 0.008633 0.000000 0.000000 0.000000 1.000000</float_array>
        <technique_common>
          <accessor source="#mixamorig_Hips-Matrix-animation-output-transform-array" count="91" stride="16">
            <param type="float4x4"/>
          </accessor>
        </technique_common>
      </source>
      <source id="mixamorig_Hips-Interpolations">
        <Name_array id="mixamorig_Hips-Interpolations-array" count="91">
 LINEAR LINEAR LINEAR LINEAR LINEAR LINEAR LINEAR LINEAR LINEAR LINEAR LINEAR
LINEAR LINEAR LINEAR LINEAR LINEAR LINEAR LINEAR LINEAR LINEAR LINEAR LINEAR LINEAR
LINEAR LINEAR LINEAR LINEAR LINEAR LINEAR LINEAR LINEAR LINEAR LINEAR LINEAR LINEAR
LINEAR LINEAR LINEAR LINEAR LINEAR LINEAR LINEAR LINEAR LINEAR LINEAR LINEAR LINEAR
LINEAR LINEAR LINEAR LINEAR LINEAR LINEAR LINEAR LINEAR LINEAR LINEAR LINEAR LINEAR
LINEAR LINEAR LINEAR LINEAR LINEAR LINEAR LINEAR LINEAR LINEAR LINEAR LINEAR LINEAR
LINEAR LINEAR LINEAR LINEAR LINEAR LINEAR LINEAR LINEAR LINEAR LINEAR LINEAR LINEAR
LINEAR LINEAR LINEAR LINEAR LINEAR LINEAR LINEAR LINEAR</Name_array>
        <technique_common>
          <accessor source="#mixamorig_Hips-Interpolations-array" count="91">
            <param type="name"/>
          </accessor>
        </technique_common>
      </source>
      <sampler id="mixamorig_Hips-Matrix-animation-transform">
        <input semantic="INPUT" source="#mixamorig_Hips-Matrix-animation-input"/>
        <input semantic="OUTPUT" source="#mixamorig_Hips-Matrix-animation-output-transform"/>
        <input semantic="INTERPOLATION" source="#mixamorig_Hips-Interpolations"/>
      </sampler>
      <channel source="#mixamorig_Hips-Matrix-animation-transform" target="mixamorig_Hips/matrix"/>
      <source id="mixamorig_Spine-Matrix-animation-input">
        <float_array id="mixamorig_Spine-Matrix-animation-input-array" count="91">

0.000000 0.033333 0.066667 0.100000 0.133333 0.166667 0.200000 0.233333 0.266667 0.300000 0.333333 0.366667 0.400000 0.433333 0.466667 0.500000
0.533333 0.566667 0.600000 0.633333 0.666667 0.700000 0.733333 0.766667 0.800000 0.833333 0.866667 0.900000 0.933333 0.966667 1.000000 1.033333
1.066667 1.100000 1.133333 1.166667 1.200000 1.233333 1.266667 1.300000 1.333333 1.366667 1.400000 1.433333 1.466667 1.500000 1.533333 1.566667
1.600000 1.633333 1.666667 1.700000 1.733333 1.766667 1.800000 1.833333 1.866667 1.900000 1.933333 1.966667 2.000000 2.033333 2.066667 2.100000
2.133333 2.166667 2.200000 2.233333 2.266667 2.300000 2.333333 2.366667 2.400000 2.433333 2.466667 2.500000 2.533333 2.566667 2.600000 2.633333
2.666667 2.700000 2.733333 2.766667 2.800000 2.833333 2.866667 2.900000 2.933333 2.966667 3.000000</float_array>
        <technique_common>
          <accessor source="#mixamorig_Spine-Matrix-animation-input-array" count="91">
            <param name="TIME" type="float"/>
          </accessor>
        </technique_common>
      </source>
      <source id="mixamorig_Spine-Matrix-animation-output-transform">
        <float_array id="mixamorig_Spine-Matrix-animation-output-transform-array" count="1456">

0.999945 0.004335 0.009528 0.000000 -0.004880 0.998309 0.057932 0.168800 -0.009261 -0.057976 0.998275 -0.012300 0.000000 0.000000 0.000000 1.000000
0.999944 0.004387 0.009596 -0.000000 -0.004936 0.998306 0.057967 0.168800 -0.009326 -0.058011 0.998272 -0.012300 0.000000 0.000000 0.000000 1.000000
0.999944 0.004442 0.009611 0.000000 -0.004993 0.998301 0.058052 0.168800 -0.009337 -0.058097 0.998267 -0.012300 0.000000 0.000000 0.000000 1.000000
0.999943 0.004453 0.009677 0.000000 -0.005009 0.998290 0.058249 0.168800 -0.009401 -0.058294 0.998255 -0.012300 0.000000 0.000000 0.000000 1.000000
0.999944 0.004461 0.009624 0.000000 -0.005016 0.998283 0.058362 0.168800 -0.009347 -0.058407 0.998249 -0.012300 0.000000 0.000000 0.000000 1.000000
0.999943 0.004641 0.009589 -0.000000 -0.005191 0.998292 0.058195 0.168800 -0.009302 -0.058241 0.998259 -0.012300 0.000000 0.000000 0.000000 1.000000
0.999941 0.004896 0.009660 0.000000 -0.005448 0.998306 0.057921 0.168800 -0.009360 -0.057971 0.998274 -0.012300 0.000000 0.000000 0.000000 1.000000
0.999939 0.005039 0.009813 -0.000000 -0.005596 0.998325 0.057585 0.168800 -0.009506 -0.057637 0.998292 -0.012300 0.000000 0.000000 0.000000 1.000000
0.999936 0.005221 0.010085 0.000000 -0.005788 0.998355 0.057044 0.168800 -0.009770 -0.057099 0.998321 -0.012300 0.000000 0.000000 0.000000 1.000000
0.999933 0.005562 0.010183 0.000000 -0.006127 0.998392 0.056357 0.168800 -0.009853 -0.056416 0.998359 -0.012300 0.000000 0.000000 0.000000 1.000000
0.999930 0.005910 0.010249 0.000000 -0.006468 0.998447 0.055328 0.168800 -0.009906 -0.055391 0.998416 -0.012300 0.000000 0.000000 0.000000 1.000000
0.999930 0.006136 0.010114 0.000000 -0.006673 0.998522 0.053930 0.168800 -0.009768 -0.053994 0.998493 -0.012300 0.000000 0.000000 0.000000 1.000000
0.999929 0.006492 0.010012 0.000000 -0.007003 0.998626 0.051935 0.168800 -0.009661 -0.052002 0.998600 -0.012300 0.000000 0.000000 0.000000 1.000000
0.999926 0.006652 0.010138 0.000000 -0.007144 0.998757 0.049338 0.168800 -0.009797 -0.049406 0.998731 -0.012300 0.000000 0.000000 0.000000 1.000000
0.999925 0.006576 0.010331 0.000000 -0.007044 0.998916 0.046014 0.168800 -0.010017 -0.046084 0.998887 -0.012300 0.000000 0.000000 0.000000 1.000000
0.999926 0.006225 0.010438 0.000000 -0.006659 0.999094 0.042030 0.168800 -0.010167 -0.042096 0.999062 -0.012300 0.000000 0.000000 0.000000 1.000000
0.999938 0.004914 0.010023 0.000000 -0.005285 0.999290 0.037307 0.168800 -0.009833 -0.037357 0.999254 -0.012300 0.000000 0.000000 0.000000 1.000000
0.999950 0.002351 0.009668 -0.000000 -0.002648 0.999523 0.030776 0.168800 -0.009592 -0.030800 0.999480 -0.012300 0.000000 0.000000 0.000000 1.000000
0.999949 -0.000915 0.010030 0.000000 0.000685 0.999736 0.022965 0.168800 -0.010049 -0.022957 0.999686 -0.012300 0.000000 0.000000 0.000000 1.000000
0.999942 -0.001693 0.010633 0.000000 0.001526 0.999875 0.015706 0.168800 -0.010658 -0.015689 0.999820 -0.012300 0.000000 0.000000 0.000000 1.000000
0.999950 -0.000037 0.010007 -0.000000 -0.000048 0.999964 0.008452 0.168800 -0.010007 -0.008452 0.999914 -0.012300 0.000000 0.000000 0.000000 1.000000
0.999967 0.001384 0.007973 -0.000000 -0.001398 0.999997 0.001774 0.168800 -0.007971 -0.001785 0.999967 -0.012300 0.000000 0.000000 0.000000 1.000000
0.999987 0.001843 0.004839 0.000000 -0.001823 0.999990 -0.004163 0.168800 -0.004847 0.004154 0.999980 -0.012300 0.000000 0.000000 0.000000 1.000000
0.999999 0.000961 0.001278 0.000000 -0.000949 0.999960 -0.008928 0.168800 -0.001287 0.008927 0.999959 -0.012300 0.000000 0.000000 0.000000 1.000000
0.999996 0.000117 -0.002722 0.000000 -0.000152 0.999914 -0.013149 0.168800 0.002720 0.013149 0.999910 -0.012300 0.000000 0.000000 0.000000 1.000000
0.999971 -0.001065 -0.007590 0.000000 0.000935 0.999853 -0.017104 0.168800 0.007607 0.017096 0.999825 -0.012300 0.000000 0.000000 0.000000 1.000000
0.999924 -0.001281 -0.012228 0.000000 0.001026 0.999783 -0.020787 0.168800 0.012252 0.020773 0.999709 -0.012300 0.000000 0.000000 0.000000 1.000000
0.999866 0.001279 -0.016308 0.000000 -0.001685 0.999689 -0.024899 0.168800 0.016271 0.024923 0.999557 -0.012300 0.000000 0.000000 0.000000 1.000000
0.999833 0.004933 -0.017604 0.000000 -0.005435 0.999578 -0.028536 0.168800 0.017455 0.028626 0.999438 -0.012300 0.000000 0.000000 0.000000 1.000000
0.999845 0.006589 -0.016307 0.000000 -0.007104 0.999472 -0.031712 0.168800 0.016090 0.031823 0.999364 -0.012300 0.000000 0.000000 0.000000 1.000000
0.999876 0.007418 -0.013907 0.000000 -0.007900 0.999360 -0.034903 0.168800 0.013639 0.035008 0.999294 -0.012300 0.000000 0.000000 0.000000 1.000000
0.999912 0.010834 -0.007704 0.000000 -0.011112 0.999252 -0.037036 0.168800 0.007297 0.037118 0.999284 -0.012300 0.000000 0.000000 0.000000 1.000000
0.999883 0.015282 0.000349 0.000000 -0.015257 0.999109 -0.039355 0.168800 -0.000950 0.039346 0.999225 -0.012300 0.000000 0.000000 0.000000 1.000000
0.999823 0.018269 0.004484 0.000000 -0.018069 0.998990 -0.041138 0.168800 -0.005231 0.041049 0.999143 -0.012300 0.000000 0.000000 0.000000 1.000000
0.999776 0.020469 0.005362 0.000000 -0.020227 0.998917 -0.041895 0.168800 -0.006214 0.041777 0.999108 -0.012300 0.000000 0.000000 0.000000 1.000000
0.999731 0.022527 0.005493 0.000000 -0.022272 0.998834 -0.042841 0.168800 -0.006451 0.042708 0.999067 -0.012300 0.000000 0.000000 0.000000 1.000000
0.999693 0.024101 0.005825 0.000000 -0.023825 0.998768 -0.043522 0.168800 -0.006867 0.043370 0.999035 -0.012300 0.000000 0.000000 0.000000 1.000000
0.999680 0.024625 0.005795 0.000000 -0.024350 0.998754 -0.043562 0.168800 -0.006860 0.043407 0.999034 -0.012300 0.000000 0.000000 0.000000 1.000000
0.999702 0.023938 0.004729 0.000000 -0.023710 0.998773 -0.043485 0.168800 -0.005764 0.043360 0.999043 -0.012300 0.000000 0.000000 0.000000 1.000000
0.999731 0.022906 0.003761 -0.000000 -0.022721 0.998796 -0.043472 0.168800 -0.004753 0.043375 0.999048 -0.012300 0.000000 0.000000 0.000000 1.000000
0.999704 0.023633 0.005750 0.000000 -0.023364 0.998797 -0.043115 0.168800 -0.006762 0.042968 0.999054 -0.012300 0.000000 0.000000 0.000000 1.000000
0.999632 0.025740 0.008523 0.000000 -0.025350 0.998750 -0.043079 0.168800 -0.009621 0.042847 0.999035 -0.012300 0.000000 0.000000 0.000000 1.000000
0.999612 0.026396 0.008858 0.000000 -0.025985 0.998708 -0.043671 0.168800 -0.010000 0.043424 0.999007 -0.012300 0.000000 0.000000 0.000000 1.000000
0.999647 0.025575 0.007179 -0.000000 -0.025237 0.998723 -0.043761 0.168800 -0.008289 0.043565 0.999016 -0.012300 0.000000 0.000000 0.000000 1.000000
0.999681 0.024793 0.004754 0.000000 -0.024559 0.998725 -0.044109 0.168800 -0.005841 0.043978 0.999015 -0.012300 0.000000 0.000000 0.000000 1.000000
0.999691 0.024693 0.002841 0.000000 -0.024542 0.998708 -0.044487 0.168800 -0.003936 0.044404 0.999006 -0.012300 0.000000 0.000000 0.000000 1.000000
0.999713 0.023943 0.000296 0.000000 -0.023906 0.998728 -0.044401 0.168800 -0.001358 0.044382 0.999014 -0.012300 0.000000 0.000000 0.000000 1.000000
0.999764 0.021059 -0.005341 0.000000 -0.021274 0.998799 -0.044141 0.168800 0.004405 0.044244 0.999011 -0.012300 0.000000 0.000000 0.000000 1.000000
0.999764 0.019426 -0.009719 0.000000 -0.019826 0.998884 -0.042877 0.168800 0.008875 0.043059 0.999033 -0.012300 0.000000 0.000000 0.000000 1.000000
0.999737 0.021657 -0.007559 0.000000 -0.021953 0.998897 -0.041502 0.168800 0.006652 0.041657 0.999110 -0.012300 0.000000 0.000000 0.000000 1.000000
0.999714 0.023134 -0.006141 0.000000 -0.023367 0.998879 -0.041166 0.168800 0.005182 0.041298 0.999133 -0.012300 0.000000 0.000000 0.000000 1.000000
0.999717 0.022167 -0.008638 0.000000 -0.022495 0.998949 -0.039928 0.168800 0.007744 0.040111 0.999165 -0.012300 0.000000 0.000000 0.000000 1.000000
0.999720 0.020909 -0.011045 0.000000 -0.021314 0.999053 -0.037928 0.168800 0.010241 0.038153 0.999219 -0.012300 0.000000 0.000000 0.000000 1.000000
0.999728 0.019800 -0.012347 -0.000000 -0.020231 0.999154 -0.035804 0.168800 0.011628 0.036044 0.999283 -0.012300 0.000000 0.000000 0.000000 1.000000
0.999740 0.018564 -0.013227 -0.000000 -0.019001 0.999251 -0.033725 0.168800 0.012591 0.033968 0.999344 -0.012300 0.000000 0.000000 0.000000 1.000000
0.999751 0.017327 -0.014041 0.000000 -0.017758 0.999357 -0.031156 0.168800 0.013492 0.031398 0.999416 -0.012300 0.000000 0.000000 0.000000 1.000000
0.999774 0.015367 -0.014681 0.000000 -0.015776 0.999479 -0.028154 0.168800 0.014240 0.028379 0.999496 -0.012300 0.000000 0.000000 0.000000 1.000000
0.999799 0.013158 -0.015134 0.000000 -0.013530 0.999602 -0.024773 0.168800 0.014802 0.024973 0.999579 -0.012300 0.000000 0.000000 0.000000 1.000000
0.999820 0.011525 -0.015072 0.000000 -0.011839 0.999711 -0.020929 0.168800 0.014826 0.021104 0.999667 -0.012300 0.000000 0.000000 0.000000 1.000000
0.999854 0.010177 -0.013702 0.000000 -0.010402 0.999811 -0.016442 0.168800 0.013532 0.016582 0.999771 -0.012300 0.000000 0.000000 0.000000 1.000000
0.999894 0.009268 -0.011221 -0.000000 -0.009395 0.999892 -0.011327 0.168800 0.011114 0.011431 0.999873 -0.012300 0.000000 0.000000 0.000000 1.000000
0.999920 0.009094 -0.008832 0.000000 -0.009147 0.999940 -0.005982 0.168800 0.008777 0.006063 0.999943 -0.012300 0.000000 0.000000 0.000000 1.000000
0.999924 0.009368 -0.007960 -0.000000 -0.009377 0.999955 -0.001147 0.168800 0.007948 0.001222 0.999968 -0.012300 0.000000 0.000000 0.000000 1.000000
0.999928 0.009343 -0.007527 -0.000000 -0.009326 0.999954 0.002360 0.168800 0.007549 -0.002289 0.999969 -0.012300 0.000000 0.000000 0.000000 1.000000
0.999938 0.009473 -0.005892 0.000000 -0.009444 0.999943 0.005038 0.168800 0.005939 -0.004982 0.999970 -0.012300 0.000000 0.000000 0.000000 1.000000
0.999949 0.009829 -0.002379 -0.000000 -0.009808 0.999913 0.008809 0.168800 0.002465 -0.008785 0.999958 -0.012300 0.000000 0.000000 0.000000 1.000000
0.999958 0.009121 0.001192 0.000000 -0.009137 0.999860 0.014051 0.168800 -0.001064 -0.014061 0.999901 -0.012300 0.000000 0.000000 0.000000 1.000000
0.999960 0.008003 0.003962 -0.000000 -0.008082 0.999759 0.020397 0.168800 -0.003797 -0.020429 0.999784 -0.012300 0.000000 0.000000 0.000000 1.000000
0.999957 0.007470 0.005505 -0.000000 -0.007616 0.999609 0.026901 0.168800 -0.005301 -0.026942 0.999623 -0.012300 0.000000 0.000000 0.000000 1.000000
0.999954 0.007602 0.005830 -0.000000 -0.007791 0.999421 0.033112 0.168800 -0.005575 -0.033156 0.999435 -0.012300 0.000000 0.000000 0.000000 1.000000
0.999943 0.008957 0.005786 0.000000 -0.009172 0.999225 0.038278 0.168800 -0.005439 -0.038329 0.999250 -0.012300 0.000000 0.000000 0.000000 1.000000
0.999938 0.009572 0.005726 0.000000 -0.009806 0.999057 0.042302 0.168800 -0.005315 -0.042355 0.999088 -0.012300 0.000000 0.000000 0.000000 1.000000
0.999938 0.009173 0.006309 -0.000000 -0.009454 0.998890 0.046139 0.168800 -0.005879 -0.046196 0.998915 -0.012300 0.000000 0.000000 0.000000 1.000000
0.999937 0.008252 0.007641 0.000000 -0.008625 0.998707 0.050103 0.168800 -0.007217 -0.050165 0.998715 -0.012300 0.000000 0.000000 0.000000 1.000000
0.999932 0.007643 0.008846 0.000000 -0.008101 0.998562 0.052998 0.168800 -0.008428 -0.053066 0.998555 -0.012300 0.000000 0.000000 0.000000 1.000000
0.999931 0.007084 0.009348 0.000000 -0.007582 0.998492 0.054374 0.168800 -0.008948 -0.054441 0.998477 -0.012300 0.000000 0.000000 0.000000 1.000000
0.999926 0.006706 0.010113 0.000000 -0.007250 0.998473 0.054767 0.168800 -0.009730 -0.054836 0.998448 -0.012300 0.000000 0.000000 0.000000 1.000000
0.999922 0.006463 0.010683 0.000000 -0.007040 0.998465 0.054928 0.168800 -0.010311 -0.054999 0.998433 -0.012300 0.000000 0.000000 0.000000 1.000000
0.999919 0.006578 0.010911 0.000000 -0.007171 0.998448 0.055223 0.168800 -0.010531 -0.055296 0.998414 -0.012300 0.000000 0.000000 0.000000 1.000000
0.999920 0.006590 0.010805 0.000000 -0.007180 0.998432 0.055517 0.168800 -0.010422 -0.055590 0.998399 -0.012300 0.000000 0.000000 0.000000 1.000000
0.999923 0.006242 0.010701 0.000000 -0.006828 0.998425 0.055679 0.168800 -0.010336 -0.055748 0.998391 -0.012300 0.000000 0.000000 0.000000 1.000000
0.999926 0.005594 0.010779 0.000000 -0.006189 0.998411 0.056009 0.168800 -0.010448 -0.056072 0.998372 -0.012300 0.000000 0.000000 0.000000 1.000000
0.999927 0.004850 0.011033 0.000000 -0.005467 0.998382 0.056607 0.168800 -0.010741 -0.056664 0.998336 -0.012300 0.000000 0.000000 0.000000 1.000000
0.999929 0.004163 0.011121 0.000000 -0.004793 0.998349 0.057231 0.168800 -0.010865 -0.057280 0.998299 -0.012300 0.000000 0.000000 0.000000 1.000000
0.999932 0.003722 0.011047 0.000000 -0.004350 0.998344 0.057363 0.168800 -0.010815 -0.057408 0.998292 -0.012300 0.000000 0.000000 0.000000 1.000000
0.999934 0.003685 0.010846 -0.000000 -0.004301 0.998347 0.057310 0.168800 -0.010617 -0.057353 0.998297 -0.012300 0.000000 0.000000 0.000000 1.000000
0.999936 0.003798 0.010645 -0.000000 -0.004403 0.998341 0.057408 0.168800 -0.010409 -0.057452 0.998294 -0.012300 0.000000 0.000000 0.000000 1.000000
0.999939 0.003841 0.010340 0.000000 -0.004430 0.998333 0.057552 0.168800 -0.010102 -0.057594 0.998289 -0.012300 0.000000 0.000000 0.000000 1.000000
0.999942 0.003914 0.010080 -0.000000 -0.004488 0.998326 0.057664 0.168800 -0.009837 -0.057706 0.998285 -0.012300 0.000000 0.000000 0.000000 1.000000
0.999944 0.004075 0.009799 0.000000 -0.004636 0.998311 0.057910 0.168800 -0.009546 -0.057952 0.998274 -0.012300 0.000000 0.000000 0.000000 1.000000
0.999945 0.004335 0.009528 0.000000 -0.004880 0.998309 0.057932 0.168800 -0.009261 -0.057976 0.998275 -0.012300 0.000000 0.000000 0.000000 1.000000</float_array>
        <technique_common>
          <accessor source="#mixamorig_Spine-Matrix-animation-output-transform-array" count="91" stride="16">
            <param type="float4x4"/>
          </accessor>
        </technique_common>
      </source>
      <source id="mixamorig_Spine-Interpolations">
        <Name_array id="mixamorig_Spine-Interpolations-array" count="91">
 LINEAR LINEAR LINEAR LINEAR LINEAR LINEAR LINEAR LINEAR LINEAR LINEAR LINEAR
LINEAR LINEAR LINEAR LINEAR LINEAR LINEAR LINEAR LINEAR LINEAR LINEAR LINEAR LINEAR
LINEAR LINEAR LINEAR LINEAR LINEAR LINEAR LINEAR LINEAR LINEAR LINEAR LINEAR LINEAR
LINEAR LINEAR LINEAR LINEAR LINEAR LINEAR LINEAR LINEAR LINEAR LINEAR LINEAR LINEAR
LINEAR LINEAR LINEAR LINEAR LINEAR LINEAR LINEAR LINEAR LINEAR LINEAR LINEAR LINEAR
LINEAR LINEAR LINEAR LINEAR LINEAR LINEAR LINEAR LINEAR LINEAR LINEAR LINEAR LINEAR
LINEAR LINEAR LINEAR LINEAR LINEAR LINEAR LINEAR LINEAR LINEAR LINEAR LINEAR LINEAR
LINEAR LINEAR LINEAR LINEAR LINEAR LINEAR LINEAR LINEAR</Name_array>
        <technique_common>
          <accessor source="#mixamorig_Spine-Interpolations-array" count="91">
            <param type="name"/>
          </accessor>
        </technique_common>
      </source>
      <sampler id="mixamorig_Spine-Matrix-animation-transform">
        <input semantic="INPUT" source="#mixamorig_Spine-Matrix-animation-input"/>
        <input semantic="OUTPUT" source="#mixamorig_Spine-Matrix-animation-output-transform"/>
        <input semantic="INTERPOLATION" source="#mixamorig_Spine-Interpolations"/>
      </sampler>
      <channel source="#mixamorig_Spine-Matrix-animation-transform" target="mixamorig_Spine/matrix"/>
      <source id="mixamorig_Spine1-Matrix-animation-input">
        <float_array id="mixamorig_Spine1-Matrix-animation-input-array" count="91">

0.000000 0.033333 0.066667 0.100000 0.133333 0.166667 0.200000 0.233333 0.266667 0.300000 0.333333 0.366667 0.400000 0.433333 0.466667 0.500000
0.533333 0.566667 0.600000 0.633333 0.666667 0.700000 0.733333 0.766667 0.800000 0.833333 0.866667 0.900000 0.933333 0.966667 1.000000 1.033333
1.066667 1.100000 1.133333 1.166667 1.200000 1.233333 1.266667 1.300000 1.333333 1.366667 1.400000 1.433333 1.466667 1.500000 1.533333 1.566667
1.600000 1.633333 1.666667 1.700000 1.733333 1.766667 1.800000 1.833333 1.866667 1.900000 1.933333 1.966667 2.000000 2.033333 2.066667 2.100000
2.133333 2.166667 2.200000 2.233333 2.266667 2.300000 2.333333 2.366667 2.400000 2.433333 2.466667 2.500000 2.533333 2.566667 2.600000 2.633333
2.666667 2.700000 2.733333 2.766667 2.800000 2.833333 2.866667 2.900000 2.933333 2.966667 3.000000</float_array>
        <technique_common>
          <accessor source="#mixamorig_Spine1-Matrix-animation-input-array" count="91">
            <param name="TIME" type="float"/>
          </accessor>
        </technique_common>
      </source>
      <source id="mixamorig_Spine1-Matrix-animation-output-transform">
        <float_array id="mixamorig_Spine1-Matrix-animation-output-transform-array" count="1456">

0.999930 0.000558 0.011818 0.000000 -0.000707 0.999920 0.012627 0.197500 -0.011810 -0.012635 0.999850 -0.000000 0.000000 0.000000 0.000000 1.000000
0.999929 0.000642 0.011887 0.000000 -0.000791 0.999922 0.012488 0.197500 -0.011878 -0.012497 0.999851 0.000000 0.000000 0.000000 0.000000 1.000000
0.999929 0.000702 0.011889 0.000000 -0.000850 0.999922 0.012441 0.197500 -0.011880 -0.012450 0.999852 -0.000000 0.000000 0.000000 0.000000 1.000000
0.999928 0.000754 0.011967 0.000000 -0.000904 0.999921 0.012518 0.197500 -0.011956 -0.012528 0.999850 0.000000 0.000000 0.000000 0.000000 1.000000
0.999929 0.000780 0.011880 -0.000000 -0.000929 0.999921 0.012570 0.197500 -0.011869 -0.012580 0.999850 0.000000 0.000000 0.000000 0.000000 1.000000
0.999930 0.000852 0.011802 0.000000 -0.000999 0.999922 0.012418 0.197500 -0.011791 -0.012429 0.999853 0.000000 0.000000 0.000000 0.000000 1.000000
0.999929 0.000908 0.011859 0.000000 -0.001052 0.999926 0.012134 0.197500 -0.011847 -0.012146 0.999856 0.000000 0.000000 0.000000 0.000000 1.000000
0.999927 0.000785 0.012019 0.000000 -0.000926 0.999931 0.011742 0.197500 -0.012008 -0.011752 0.999859 0.000000 0.000000 0.000000 0.000000 1.000000
0.999924 0.000693 0.012337 0.000000 -0.000830 0.999938 0.011061 0.197500 -0.012328 -0.011070 0.999863 0.000000 0.000000 0.000000 0.000000 1.000000
0.999922 0.000884 0.012432 -0.000000 -0.001010 0.999948 0.010099 0.197500 -0.012422 -0.010111 0.999872 0.000000 0.000000 0.000000 0.000000 1.000000
0.999921 0.001172 0.012489 -0.000000 -0.001281 0.999961 0.008738 0.197500 -0.012478 -0.008753 0.999884 0.000000 0.000000 0.000000 0.000000 1.000000
0.999924 0.001226 0.012265 0.000000 -0.001313 0.999974 0.007029 0.197500 -0.012256 -0.007045 0.999900 -0.000000 0.000000 0.000000 0.000000 1.000000
0.999927 0.000906 0.012033 -0.000000 -0.000966 0.999987 0.005005 0.197500 -0.012028 -0.005016 0.999915 0.000000 0.000000 0.000000 0.000000 1.000000
0.999927 0.000327 0.012094 -0.000000 -0.000356 0.999997 0.002372 0.197500 -0.012093 -0.002376 0.999924 0.000000 0.000000 0.000000 0.000000 1.000000
0.999924 -0.000623 0.012296 0.000000 0.000633 0.999999 -0.000808 0.197500 -0.012295 0.000816 0.999924 0.000000 0.000000 0.000000 0.000000 1.000000
0.999921 -0.001489 0.012500 0.000000 0.001549 0.999987 -0.004844 0.197500 -0.012493 0.004863 0.999910 0.000000 0.000000 0.000000 0.000000 1.000000
0.999923 -0.002100 0.012203 -0.000000 0.002215 0.999953 -0.009437 0.197500 -0.012183 0.009463 0.999881 -0.000000 0.000000 0.000000 0.000000 1.000000
0.999921 -0.003194 0.012127 -0.000000 0.003379 0.999878 -0.015248 0.197500 -0.012076 0.015287 0.999810 0.000000 0.000000 0.000000 0.000000 1.000000
0.999905 -0.004780 0.012926 0.000000 0.005064 0.999743 -0.022076 0.197500 -0.012817 0.022140 0.999673 0.000000 0.000000 0.000000 0.000000 1.000000
0.999888 -0.005970 0.013717 0.000000 0.006352 0.999588 -0.028005 0.197500 -0.013544 0.028089 0.999514 0.000000 0.000000 0.000000 0.000000 1.000000
0.999897 -0.006286 0.012907 -0.000000 0.006716 0.999415 -0.033549 0.197500 -0.012689 0.033632 0.999354 0.000000 0.000000 0.000000 0.000000 1.000000
0.999924 -0.006335 0.010597 0.000000 0.006745 0.999211 -0.039143 0.197500 -0.010340 0.039212 0.999177 -0.000000 0.000000 0.000000 0.000000 1.000000
0.999956 -0.005958 0.007240 0.000000 0.006273 0.999001 -0.044244 0.197500 -0.006969 0.044288 0.998995 -0.000000 0.000000 0.000000 0.000000 1.000000
0.999978 -0.005787 0.003341 -0.000000 0.005942 0.998808 -0.048458 0.197500 -0.003056 0.048477 0.998820 0.000000 0.000000 0.000000 0.000000 1.000000
0.999985 -0.005271 -0.001319 0.000000 0.005194 0.998617 -0.052325 0.197500 0.001593 0.052318 0.998629 -0.000000 0.000000 0.000000 0.000000 1.000000
0.999965 -0.003942 -0.007391 -0.000000 0.003522 0.998422 -0.056040 0.197500 0.007600 0.056012 0.998401 0.000000 0.000000 0.000000 0.000000 1.000000
0.999911 -0.001189 -0.013323 0.000000 0.000389 0.998205 -0.059886 0.197500 0.013371 0.059875 0.998116 -0.000000 0.000000 0.000000 0.000000 1.000000
0.999822 0.003501 -0.018550 0.000000 -0.004674 0.997966 -0.063572 0.197500 0.018289 0.063648 0.997805 0.000000 0.000000 0.000000 0.000000 1.000000
0.999768 0.007597 -0.020163 0.000000 -0.008933 0.997711 -0.067032 0.197500 0.019608 0.067196 0.997547 0.000000 0.000000 0.000000 0.000000 1.000000
0.999780 0.010343 -0.018253 -0.000000 -0.011604 0.997453 -0.070384 0.197500 0.017479 0.070580 0.997353 0.000000 0.000000 0.000000 0.000000 1.000000
0.999813 0.012396 -0.014821 -0.000000 -0.013461 0.997163 -0.074057 0.197500 0.013861 0.074242 0.997144 0.000000 0.000000 0.000000 0.000000 1.000000
0.999899 0.012509 -0.006803 0.000000 -0.013005 0.996825 -0.078550 0.197500 0.005799 0.078631 0.996887 -0.000000 0.000000 0.000000 0.000000 1.000000
0.999914 0.012634 0.003572 -0.000000 -0.012294 0.996476 -0.082971 0.197500 -0.004608 0.082920 0.996546 0.000000 0.000000 0.000000 0.000000 1.000000
0.999873 0.013227 0.008870 0.000000 -0.012421 0.996258 -0.085533 0.197500 -0.009968 0.085412 0.996296 0.000000 0.000000 0.000000 0.000000 1.000000
